[
    {
        "ID": 98,
        "Name": "CRATEA",
        "Type": 58,
        "Scale": 1.0,
        "Transform": [
            [
                -0.18003253638744354,
                -0.9836462736129761,
                0.0,
                0.0
            ],
            [
                0.9836462736129761,
                -0.18003253638744354,
                0.0,
                0.0
            ],
            [
                0.0,
                0.0,
                0.9999999403953552,
                0.0
            ],
            [
                -873.9310302734375,
                3558.75,
                -49.86869812011719,
                1.0
            ]
        ]
    },
    {
        "ID": 97,
        "Name": "CRATEB",
        "Type": 58,
        "Scale": 1.0,
        "Transform": [
            [
                -0.9382219910621643,
                0.34599751234054565,
                0.0,
                0.0
            ],
            [
                -0.34599751234054565,
                -0.9382219910621643,
                0.0,
                0.0
            ],
            [
                0.0,
                0.0,
                0.9999999403953552,
                0.0
            ],
            [
                -868.5549926757813,
                3562.010009765625,
                -50.13529968261719,
                1.0
            ]
        ]
    },
    {
        "ID": 96,
        "Name": "CRATEF",
        "Type": 58,
        "Scale": 1.0,
        "Transform": [
            [
                -0.19509030878543854,
                -0.9807851910591125,
                0.0,
                0.0
            ],
            [
                0.9807851910591125,
                -0.19509030878543854,
                0.0,
                0.0
            ],
            [
                0.0,
                0.0,
                0.9999999403953552,
                0.0
            ],
            [
                -875.4650268554688,
                3557.06005859375,
                -52.58700180053711,
                1.0
            ]
        ]
    },
    {
        "ID": 95,
        "Name": "CRATEF",
        "Type": 58,
        "Scale": 1.0,
        "Transform": [
            [
                -0.9144500494003296,
                -0.4046899378299713,
                0.0,
                0.0
            ],
            [
                0.4046899378299713,
                -0.9144500494003296,
                0.0,
                0.0
            ],
            [
                0.0,
                0.0,
                0.9999999403953552,
                0.0
            ],
            [
                -870.0599975585938,
                3561.5400390625,
                -53.02370071411133,
                1.0
            ]
        ]
    },
    {
        "ID": 94,
        "Name": "CRATEA",
        "Type": 58,
        "Scale": 1.0,
        "Transform": [
            [
                0.004528237506747246,
                0.9999721050262451,
                0.0,
                0.0
            ],
            [
                -0.9999721050262451,
                0.004528237506747246,
                0.0,
                0.0
            ],
            [
                0.0,
                0.0,
                0.9999999403953552,
                0.0
            ],
            [
                -871.4619750976563,
                3568.840087890625,
                -52.95439910888672,
                1.0
            ]
        ]
    },
    {
        "ID": 93,
        "Name": "CRATEA",
        "Type": 58,
        "Scale": 1.0,
        "Transform": [
            [
                -0.9602803587913513,
                0.27902552485466003,
                0.0,
                0.0
            ],
            [
                -0.27902552485466003,
                -0.9602803587913513,
                0.0,
                0.0
            ],
            [
                0.0,
                0.0,
                0.9999999403953552,
                0.0
            ],
            [
                -906.3709716796875,
                3646.159912109375,
                -50.38520050048828,
                1.0
            ]
        ]
    },
    {
        "ID": 91,
        "Name": "CRATEA",
        "Type": 58,
        "Scale": 1.0,
        "Transform": [
            [
                -0.981991708278656,
                0.18882402777671814,
                0.0,
                0.0
            ],
            [
                -0.18882402777671814,
                -0.981991708278656,
                0.0,
                0.0
            ],
            [
                0.0,
                0.0,
                0.9999999403953552,
                0.0
            ],
            [
                -914.0009765625,
                3643.85009765625,
                -47.602500915527344,
                1.0
            ]
        ]
    },
    {
        "ID": 90,
        "Name": "CRATEF",
        "Type": 58,
        "Scale": 1.0,
        "Transform": [
            [
                0.7244235277175903,
                -0.6893527507781982,
                0.0,
                0.0
            ],
            [
                0.6893527507781982,
                0.7244235277175903,
                0.0,
                0.0
            ],
            [
                0.0,
                0.0,
                0.9999999403953552,
                0.0
            ],
            [
                -910.2020263671875,
                3638.719970703125,
                -49.78900146484375,
                1.0
            ]
        ]
    },
    {
        "ID": 89,
        "Name": "CRATEB",
        "Type": 58,
        "Scale": 1.0,
        "Transform": [
            [
                0.817584753036499,
                0.5758081078529358,
                0.0,
                0.0
            ],
            [
                -0.5758081078529358,
                0.817584753036499,
                0.0,
                0.0
            ],
            [
                0.0,
                0.0,
                0.9999999403953552,
                0.0
            ],
            [
                -914.4539794921875,
                3643.8798828125,
                -50.523101806640625,
                1.0
            ]
        ]
    },
    {
        "ID": 88,
        "Name": "CAMPFIRE2",
        "Type": 58,
        "Scale": 1.0,
        "Transform": [
            [
                0.9987953901290894,
                -0.049067672342061996,
                0.0,
                0.0
            ],
            [
                0.049067672342061996,
                0.9987953901290894,
                0.0,
                0.0
            ],
            [
                0.0,
                0.0,
                0.9999999403953552,
                0.0
            ],
            [
                -882.426025390625,
                3611.679931640625,
                -52.53369903564453,
                1.0
            ]
        ]
    },
    {
        "ID": 87,
        "Name": "NERBRAZIER",
        "Type": 58,
        "Scale": 1.0,
        "Transform": [
            [
                -0.995991051197052,
                0.08927999436855316,
                0.0,
                0.0
            ],
            [
                -0.08927999436855316,
                -0.995991051197052,
                0.0,
                0.0
            ],
            [
                0.0,
                0.0,
                0.9999999403953552,
                0.0
            ],
            [
                -842.1699829101563,
                3588.60009765625,
                -55.06050109863281,
                1.0
            ]
        ]
    },
    {
        "ID": 86,
        "Name": "NERBRAZIER",
        "Type": 58,
        "Scale": 1.0,
        "Transform": [
            [
                -0.9999335408210754,
                0.01082354225218296,
                0.0,
                0.0
            ],
            [
                -0.01082354225218296,
                -0.9999335408210754,
                0.0,
                0.0
            ],
            [
                0.0,
                0.0,
                0.9999999403953552,
                0.0
            ],
            [
                -842.031005859375,
                3628.22998046875,
                -54.475101470947266,
                1.0
            ]
        ]
    },
    {
        "ID": 85,
        "Name": "NERBRAZIER",
        "Type": 0,
        "Scale": 1.0,
        "Transform": [
            [
                0.35003671050071716,
                -0.9367261528968811,
                0.0,
                0.0
            ],
            [
                0.9367261528968811,
                0.35003671050071716,
                0.0,
                0.0
            ],
            [
                0.0,
                0.0,
                0.9999999403953552,
                0.0
            ],
            [
                -885.7269897460938,
                3680.6298828125,
                -52.505001068115234,
                1.0
            ]
        ]
    },
    {
        "ID": 82,
        "Name": "NTHRONE1",
        "Type": 58,
        "Scale": 1.0,
        "Transform": [
            [
                -0.9999768137931824,
                -0.0037674459163099527,
                0.0,
                0.0
            ],
            [
                0.0037674459163099527,
                -0.9999768137931824,
                0.0,
                0.0
            ],
            [
                0.0,
                0.0,
                0.9999999403953552,
                0.0
            ],
            [
                -845.697021484375,
                3608.820068359375,
                -54.55059814453125,
                1.0
            ]
        ]
    },
    {
        "ID": 81,
        "Name": "BTENT1",
        "Type": 58,
        "Scale": 1.0,
        "Transform": [
            [
                -0.9996889233589172,
                0.02486015483736992,
                0.0,
                0.0
            ],
            [
                -0.02486015483736992,
                -0.9996889233589172,
                0.0,
                0.0
            ],
            [
                0.0,
                0.0,
                0.9999999403953552,
                0.0
            ],
            [
                -830.9169921875,
                3608.22998046875,
                -55.06050109863281,
                1.0
            ]
        ]
    },
    {
        "ID": 43,
        "Name": "NERBRAZIER",
        "Type": 58,
        "Scale": 1.0,
        "Transform": [
            [
                -0.9873500466346741,
                -0.15854279696941376,
                0.0,
                0.0
            ],
            [
                0.15854279696941376,
                -0.9873500466346741,
                0.0,
                0.0
            ],
            [
                0.0,
                0.0,
                0.9999999403953552,
                0.0
            ],
            [
                1029.9000244140625,
                3182.199951171875,
                -55.06050109863281,
                1.0
            ]
        ]
    },
    {
        "ID": 39,
        "Name": "BTENT1",
        "Type": 58,
        "Scale": 1.0,
        "Transform": [
            [
                -0.9987303614616394,
                0.05024388059973717,
                0.0,
                0.0
            ],
            [
                -0.05024388059973717,
                -0.9987303614616394,
                0.0,
                0.0
            ],
            [
                0.0,
                0.0,
                0.9999999403953552,
                0.0
            ],
            [
                1047.280029296875,
                3165.89990234375,
                -55.06050109863281,
                1.0
            ]
        ]
    },
    {
        "ID": 38,
        "Name": "BTENT",
        "Type": 58,
        "Scale": 1.0,
        "Transform": [
            [
                -0.19509030878543854,
                0.9807851910591125,
                0.0,
                0.0
            ],
            [
                -0.9807851910591125,
                -0.19509030878543854,
                0.0,
                0.0
            ],
            [
                0.0,
                0.0,
                0.9999999403953552,
                0.0
            ],
            [
                1004.3499755859375,
                3137.070068359375,
                -55.06050109863281,
                1.0
            ]
        ]
    },
    {
        "ID": 37,
        "Name": "BTENT",
        "Type": 58,
        "Scale": 1.0,
        "Transform": [
            [
                -0.2601376473903656,
                -0.9655521512031555,
                0.0,
                0.0
            ],
            [
                0.9655521512031555,
                -0.2601376473903656,
                0.0,
                0.0
            ],
            [
                0.0,
                0.0,
                0.9999999403953552,
                0.0
            ],
            [
                1006.719970703125,
                3196.090087890625,
                -55.06050109863281,
                1.0
            ]
        ]
    },
    {
        "ID": 12,
        "Name": "DOOR1",
        "Type": 54,
        "Scale": 1.0,
        "Transform": [
            [
                -0.26931026577949524,
                -0.9630399942398071,
                0.0,
                0.0
            ],
            [
                0.9630399942398071,
                -0.26931026577949524,
                0.0,
                0.0
            ],
            [
                0.0,
                0.0,
                1.0,
                0.0
            ],
            [
                1206.199951171875,
                -1657.3599853515625,
                114.66400146484375,
                1.0
            ]
        ]
    },
    {
        "ID": 11,
        "Name": "DOOR1",
        "Type": 0,
        "Scale": 1.0,
        "Transform": [
            [
                0.9999999403953552,
                0.0,
                0.0,
                0.0
            ],
            [
                0.0,
                0.9999999403953552,
                0.0,
                0.0
            ],
            [
                0.0,
                0.0,
                0.9999999403953552,
                0.0
            ],
            [
                383.12701416015625,
                2420.820068359375,
                -51.235198974609375,
                1.0
            ]
        ]
    },
    {
        "ID": 10,
        "Name": "DOOR1",
        "Type": 0,
        "Scale": 1.0,
        "Transform": [
            [
                0.0,
                0.9999999403953552,
                0.0,
                0.0
            ],
            [
                -0.9999999403953552,
                0.0,
                0.0,
                0.0
            ],
            [
                0.0,
                0.0,
                0.9999999403953552,
                0.0
            ],
            [
                -467.1940002441406,
                2805.889892578125,
                -51.53459930419922,
                1.0
            ]
        ]
    },
    {
        "ID": 9,
        "Name": "DOOR1",
        "Type": 0,
        "Scale": 1.0,
        "Transform": [
            [
                0.9999999403953552,
                0.0,
                0.0,
                0.0
            ],
            [
                0.0,
                0.9999999403953552,
                0.0,
                0.0
            ],
            [
                0.0,
                0.0,
                0.9999999403953552,
                0.0
            ],
            [
                -418.4840087890625,
                2719.550048828125,
                -54.679100036621094,
                1.0
            ]
        ]
    },
    {
        "ID": 8,
        "Name": "DOOR1",
        "Type": 0,
        "Scale": 1.0,
        "Transform": [
            [
                0.0,
                -0.9999999403953552,
                0.0,
                0.0
            ],
            [
                0.9999999403953552,
                0.0,
                0.0,
                0.0
            ],
            [
                0.0,
                0.0,
                0.9999999403953552,
                0.0
            ],
            [
                -454.9939880371094,
                2653.239990234375,
                -51.95349884033203,
                1.0
            ]
        ]
    },
    {
        "ID": 7,
        "Name": "DOOR1",
        "Type": 0,
        "Scale": 1.0,
        "Transform": [
            [
                0.0,
                0.9999999403953552,
                0.0,
                0.0
            ],
            [
                -0.9999999403953552,
                0.0,
                0.0,
                0.0
            ],
            [
                0.0,
                0.0,
                0.9999999403953552,
                0.0
            ],
            [
                -151.24200439453125,
                1292.22998046875,
                -52.222198486328125,
                1.0
            ]
        ]
    },
    {
        "ID": 2,
        "Name": "DOOR1",
        "Type": 0,
        "Scale": 1.0,
        "Transform": [
            [
                0.0,
                -0.9999999403953552,
                0.0,
                0.0
            ],
            [
                0.9999999403953552,
                0.0,
                0.0,
                0.0
            ],
            [
                0.0,
                0.0,
                0.9999999403953552,
                0.0
            ],
            [
                -143.33200073242188,
                485.9259948730469,
                -51.68840026855469,
                1.0
            ]
        ]
    },
    {
        "ID": 1,
        "Name": "BBDOOR1",
        "Type": 0,
        "Scale": 1.0,
        "Transform": [
            [
                0.0,
                0.9999999403953552,
                0.0,
                0.0
            ],
            [
                -0.9999999403953552,
                0.0,
                0.0,
                0.0
            ],
            [
                0.0,
                0.0,
                0.9999999403953552,
                0.0
            ],
            [
                -714.6420288085938,
                244.4149932861328,
                -54.00040054321289,
                1.0
            ]
        ]
    },
    {
        "ID": 3,
        "Name": "BBDOOR1",
        "Type": 0,
        "Scale": 1.0,
        "Transform": [
            [
                0.9999999403953552,
                0.0,
                0.0,
                0.0
            ],
            [
                0.0,
                0.9999999403953552,
                0.0,
                0.0
            ],
            [
                0.0,
                0.0,
                0.9999999403953552,
                0.0
            ],
            [
                364.822998046875,
                -17.163299560546875,
                -52.00210189819336,
                1.0
            ]
        ]
    },
    {
        "ID": 4,
        "Name": "DOOR1",
        "Type": 0,
        "Scale": 1.0,
        "Transform": [
            [
                -0.8639727830886841,
                0.5035383105278015,
                0.0,
                0.0
            ],
            [
                -0.5035383105278015,
                -0.8639727830886841,
                0.0,
                0.0
            ],
            [
                0.0,
                0.0,
                0.9999999403953552,
                0.0
            ],
            [
                -192.11199951171875,
                574.1959838867188,
                -52.077701568603516,
                1.0
            ]
        ]
    },
    {
        "ID": 5,
        "Name": "DOOR1",
        "Type": 0,
        "Scale": 1.0,
        "Transform": [
            [
                -0.9999999403953552,
                0.0,
                0.0,
                0.0
            ],
            [
                0.0,
                -0.9999999403953552,
                0.0,
                0.0
            ],
            [
                0.0,
                0.0,
                0.9999999403953552,
                0.0
            ],
            [
                -254.1929931640625,
                527.9910278320313,
                -51.58649826049805,
                1.0
            ]
        ]
    },
    {
        "ID": 6,
        "Name": "DOOR1",
        "Type": 0,
        "Scale": 1.0,
        "Transform": [
            [
                0.0,
                -0.9999999403953552,
                0.0,
                0.0
            ],
            [
                0.9999999403953552,
                0.0,
                0.0,
                0.0
            ],
            [
                0.0,
                0.0,
                0.9999999403953552,
                0.0
            ],
            [
                -507.3210144042969,
                2599.43994140625,
                -52.27149963378906,
                1.0
            ]
        ]
    },
    {
        "ID": 44,
        "Name": "NERBRAZIER",
        "Type": 58,
        "Scale": 1.0,
        "Transform": [
            [
                -0.9872081875801086,
                0.15941496193408966,
                0.0,
                0.0
            ],
            [
                -0.15941496193408966,
                -0.9872081875801086,
                0.0,
                0.0
            ],
            [
                0.0,
                0.0,
                0.9999999403953552,
                0.0
            ],
            [
                1028.81005859375,
                3152.010009765625,
                -55.06050109863281,
                1.0
            ]
        ]
    },
    {
        "ID": 45,
        "Name": "NTHRONE1",
        "Type": 58,
        "Scale": 1.0,
        "Transform": [
            [
                -0.9939069151878357,
                0.11022219806909561,
                0.0,
                0.0
            ],
            [
                -0.11022219806909561,
                -0.9939069151878357,
                0.0,
                0.0
            ],
            [
                0.0,
                0.0,
                0.9999999403953552,
                0.0
            ],
            [
                1031.6700439453125,
                3166.909912109375,
                -55.06050109863281,
                1.0
            ]
        ]
    },
    {
        "ID": 46,
        "Name": "CAMPFIRE2",
        "Type": 58,
        "Scale": 1.0,
        "Transform": [
            [
                0.04537724331021309,
                0.9989539384841919,
                0.0,
                0.0
            ],
            [
                -0.9989539384841919,
                0.04537724331021309,
                0.0,
                0.0
            ],
            [
                0.0,
                0.0,
                0.9999999403953552,
                0.0
            ],
            [
                998.197998046875,
                3168.179931640625,
                -55.06050109863281,
                1.0
            ]
        ]
    },
    {
        "ID": 47,
        "Name": "BTENT1",
        "Type": 58,
        "Scale": 1.0,
        "Transform": [
            [
                -0.667864978313446,
                0.744257926940918,
                0.0,
                0.0
            ],
            [
                -0.744257926940918,
                -0.667864978313446,
                0.0,
                0.0
            ],
            [
                0.0,
                0.0,
                0.9999999403953552,
                0.0
            ],
            [
                1040.8900146484375,
                -884.8560180664063,
                -55.21670150756836,
                1.0
            ]
        ]
    },
    {
        "ID": 48,
        "Name": "BTENT",
        "Type": 58,
        "Scale": 1.0,
        "Transform": [
            [
                -0.7254995703697205,
                -0.6882085800170898,
                0.0,
                0.0
            ],
            [
                0.6882085800170898,
                -0.7254995703697205,
                0.0,
                0.0
            ],
            [
                0.0,
                0.0,
                0.9999999403953552,
                0.0
            ],
            [
                1041.3800048828125,
                -827.2750244140625,
                -55.21670150756836,
                1.0
            ]
        ]
    },
    {
        "ID": 51,
        "Name": "CHAIR3",
        "Type": 58,
        "Scale": 1.0,
        "Transform": [
            [
                -0.6177539229393005,
                0.7863527536392212,
                0.0,
                0.0
            ],
            [
                -0.7863527536392212,
                -0.6177539229393005,
                0.0,
                0.0
            ],
            [
                0.0,
                0.0,
                0.9999999403953552,
                0.0
            ],
            [
                1030.969970703125,
                -873.5250244140625,
                -55.21670150756836,
                1.0
            ]
        ]
    },
    {
        "ID": 57,
        "Name": "NERBRAZIER",
        "Type": 58,
        "Scale": 1.0,
        "Transform": [
            [
                -0.9739453196525574,
                0.22670580446720123,
                0.0,
                0.0
            ],
            [
                -0.22670580446720123,
                -0.9739453196525574,
                0.0,
                0.0
            ],
            [
                0.0,
                0.0,
                0.9999999403953552,
                0.0
            ],
            [
                1038.800048828125,
                -853.9630126953125,
                -55.21670150756836,
                1.0
            ]
        ]
    },
    {
        "ID": 58,
        "Name": "NERBRAZIER",
        "Type": 58,
        "Scale": 1.0,
        "Transform": [
            [
                0.08777675777673721,
                -0.9961298108100891,
                0.0,
                0.0
            ],
            [
                0.9961298108100891,
                0.08777675777673721,
                0.0,
                0.0
            ],
            [
                0.0,
                0.0,
                0.9999999403953552,
                0.0
            ],
            [
                1017.719970703125,
                -821.927978515625,
                -55.21670150756836,
                1.0
            ]
        ]
    },
    {
        "ID": 59,
        "Name": "NERBRAZIER",
        "Type": 58,
        "Scale": 1.0,
        "Transform": [
            [
                0.4522174894809723,
                0.8918922543525696,
                0.0,
                0.0
            ],
            [
                -0.8918922543525696,
                0.4522174894809723,
                0.0,
                0.0
            ],
            [
                0.0,
                0.0,
                0.9999999403953552,
                0.0
            ],
            [
                1010.5999755859375,
                -881.6430053710938,
                -55.21670150756836,
                1.0
            ]
        ]
    },
    {
        "ID": 67,
        "Name": "CRATEB",
        "Type": 58,
        "Scale": 1.0,
        "Transform": [
            [
                -0.6421797275543213,
                0.7665397524833679,
                0.0,
                0.0
            ],
            [
                -0.7665397524833679,
                -0.6421797275543213,
                0.0,
                0.0
            ],
            [
                0.0,
                0.0,
                0.9999999403953552,
                0.0
            ],
            [
                1054.8499755859375,
                -854.43798828125,
                -55.21670150756836,
                1.0
            ]
        ]
    },
    {
        "ID": 68,
        "Name": "CRATEA",
        "Type": 58,
        "Scale": 1.0,
        "Transform": [
            [
                -0.9948077201843262,
                0.10161760449409485,
                0.0,
                0.0
            ],
            [
                -0.10161760449409485,
                -0.9948077201843262,
                0.0,
                0.0
            ],
            [
                0.0,
                0.0,
                0.9999999403953552,
                0.0
            ],
            [
                1054.1500244140625,
                -853.3729858398438,
                -52.21670150756836,
                1.0
            ]
        ]
    },
    {
        "ID": 70,
        "Name": "CRATEF",
        "Type": 58,
        "Scale": 1.0,
        "Transform": [
            [
                0.9462294578552246,
                0.3234647810459137,
                0.0,
                0.0
            ],
            [
                -0.3234647810459137,
                0.9462294578552246,
                0.0,
                0.0
            ],
            [
                0.0,
                0.0,
                0.9999999403953552,
                0.0
            ],
            [
                1054.9200439453125,
                -859.9429931640625,
                -55.21670150756836,
                1.0
            ]
        ]
    },
    {
        "ID": 71,
        "Name": "CRATEB",
        "Type": 58,
        "Scale": 1.0,
        "Transform": [
            [
                -0.37131717801094055,
                0.9285060167312622,
                0.0,
                0.0
            ],
            [
                -0.9285060167312622,
                -0.37131717801094055,
                0.0,
                0.0
            ],
            [
                0.0,
                0.0,
                0.9999999403953552,
                0.0
            ],
            [
                1055.0400390625,
                -859.4630126953125,
                -52.21670150756836,
                1.0
            ]
        ]
    },
    {
        "ID": 72,
        "Name": "CRATEB",
        "Type": 58,
        "Scale": 1.0,
        "Transform": [
            [
                0.08084305375814438,
                -0.9967085719108582,
                0.0,
                0.0
            ],
            [
                0.9967085719108582,
                0.08084305375814438,
                0.0,
                0.0
            ],
            [
                0.0,
                0.0,
                0.9999999403953552,
                0.0
            ],
            [
                1050.969970703125,
                -837.6649780273438,
                -55.21670150756836,
                1.0
            ]
        ]
    },
    {
        "ID": 74,
        "Name": "CRATEA",
        "Type": 58,
        "Scale": 1.0,
        "Transform": [
            [
                0.8700869083404541,
                -0.492898166179657,
                0.0,
                0.0
            ],
            [
                0.492898166179657,
                0.8700869083404541,
                0.0,
                0.0
            ],
            [
                0.0,
                0.0,
                0.9999999403953552,
                0.0
            ],
            [
                1051.0400390625,
                -837.6220092773438,
                -52.21670150756836,
                1.0
            ]
        ]
    },
    {
        "ID": 76,
        "Name": "CHAIR2",
        "Type": 58,
        "Scale": 1.0,
        "Transform": [
            [
                -0.7087884545326233,
                -0.7054041624069214,
                0.0,
                0.0
            ],
            [
                0.7054041624069214,
                -0.7087884545326233,
                0.0,
                0.0
            ],
            [
                0.0,
                0.0,
                0.9999999403953552,
                0.0
            ],
            [
                1035.81005859375,
                -832.6389770507813,
                -55.21670150756836,
                1.0
            ]
        ]
    },
    {
        "ID": 77,
        "Name": "CRATEB",
        "Type": 58,
        "Scale": 1.0,
        "Transform": [
            [
                0.8117471933364868,
                -0.5839896202087402,
                0.0,
                0.0
            ],
            [
                0.5839896202087402,
                0.8117471933364868,
                0.0,
                0.0
            ],
            [
                0.0,
                0.0,
                0.9999999403953552,
                0.0
            ],
            [
                1007.3200073242188,
                -826.6690063476563,
                -55.21670150756836,
                1.0
            ]
        ]
    },
    {
        "ID": 78,
        "Name": "CRATEA",
        "Type": 58,
        "Scale": 1.0,
        "Transform": [
            [
                0.9734398126602173,
                -0.22889389097690582,
                0.0,
                0.0
            ],
            [
                0.22889389097690582,
                0.9734398126602173,
                0.0,
                0.0
            ],
            [
                0.0,
                0.0,
                0.9999999403953552,
                0.0
            ],
            [
                1007.5700073242188,
                -826.1690063476563,
                -52.21670150756836,
                1.0
            ]
        ]
    },
    {
        "ID": 79,
        "Name": "BTENT",
        "Type": 58,
        "Scale": 1.0,
        "Transform": [
            [
                0.8829693794250488,
                0.4694064259529114,
                0.0,
                0.0
            ],
            [
                -0.4694064259529114,
                0.8829693794250488,
                0.0,
                0.0
            ],
            [
                0.0,
                0.0,
                0.9999999403953552,
                0.0
            ],
            [
                -903.6489868164063,
                3570.889892578125,
                -51.22639846801758,
                1.0
            ]
        ]
    },
    {
        "ID": 80,
        "Name": "BTENT",
        "Type": 58,
        "Scale": 1.0,
        "Transform": [
            [
                0.6339640617370605,
                -0.773358166217804,
                0.0,
                0.0
            ],
            [
                0.773358166217804,
                0.6339640617370605,
                0.0,
                0.0
            ],
            [
                0.0,
                0.0,
                0.9999999403953552,
                0.0
            ],
            [
                -898.7579956054688,
                3659.60009765625,
                -51.29949951171875,
                1.0
            ]
        ]
    }
]