[
    {
        "ID": 10,
        "Name": "DOOR5",
        "Type": 0,
        "Scale": 1.0,
        "Transform": [
            [
                -0.9912179708480835,
                -0.13214652240276337,
                0.0,
                0.0
            ],
            [
                0.13214652240276337,
                -0.9912179708480835,
                0.0,
                0.0
            ],
            [
                0.0,
                0.0,
                0.9999999403953552,
                0.0
            ],
            [
                -844.4240112304688,
                -118.83300018310547,
                12.0378999710083,
                1.0
            ]
        ]
    },
    {
        "ID": 9,
        "Name": "DOOR1",
        "Type": 0,
        "Scale": 1.0,
        "Transform": [
            [
                0.8760700225830078,
                -0.4821837544441223,
                0.0,
                0.0
            ],
            [
                0.4821837544441223,
                0.8760700225830078,
                0.0,
                0.0
            ],
            [
                0.0,
                0.0,
                0.9999999403953552,
                0.0
            ],
            [
                -736.0269775390625,
                -170.21600341796875,
                6.205709934234619,
                1.0
            ]
        ]
    },
    {
        "ID": 8,
        "Name": "DOOR5",
        "Type": 0,
        "Scale": 1.0,
        "Transform": [
            [
                0.9981180429458618,
                0.06132073327898979,
                0.0,
                0.0
            ],
            [
                -0.06132073327898979,
                0.9981180429458618,
                0.0,
                0.0
            ],
            [
                0.0,
                0.0,
                0.9999999403953552,
                0.0
            ],
            [
                -2683.0400390625,
                -2005.760009765625,
                3.6874499320983887,
                1.0
            ]
        ]
    },
    {
        "ID": 2,
        "Name": "DOOR1",
        "Type": 0,
        "Scale": 1.0,
        "Transform": [
            [
                -0.91911381483078,
                0.39399200677871704,
                0.0,
                0.0
            ],
            [
                -0.39399200677871704,
                -0.91911381483078,
                0.0,
                0.0
            ],
            [
                0.0,
                0.0,
                0.9999999403953552,
                0.0
            ],
            [
                -847.5130004882813,
                -17.751800537109375,
                11.088899612426758,
                1.0
            ]
        ]
    },
    {
        "ID": 1,
        "Name": "DOOR5",
        "Type": 0,
        "Scale": 1.0,
        "Transform": [
            [
                -0.9909026026725769,
                -0.13458068668842316,
                0.0,
                0.0
            ],
            [
                0.13458068668842316,
                -0.9909026026725769,
                0.0,
                0.0
            ],
            [
                0.0,
                0.0,
                0.9999999403953552,
                0.0
            ],
            [
                1242.300048828125,
                -2643.77001953125,
                5.581399917602539,
                1.0
            ]
        ]
    },
    {
        "ID": 3,
        "Name": "DOOR1",
        "Type": 0,
        "Scale": 1.0,
        "Transform": [
            [
                0.0,
                0.9999999403953552,
                0.0,
                0.0
            ],
            [
                -0.9999999403953552,
                0.0,
                0.0,
                0.0
            ],
            [
                0.0,
                0.0,
                0.9999999403953552,
                0.0
            ],
            [
                1312.2900390625,
                -2542.179931640625,
                7.905360221862793,
                1.0
            ]
        ]
    },
    {
        "ID": 5,
        "Name": "DOOR1",
        "Type": 0,
        "Scale": 1.0,
        "Transform": [
            [
                0.1467304527759552,
                -0.9891764521598816,
                0.0,
                0.0
            ],
            [
                0.9891764521598816,
                0.1467304527759552,
                0.0,
                0.0
            ],
            [
                0.0,
                0.0,
                0.9999999403953552,
                0.0
            ],
            [
                1317.6600341796875,
                -2710.110107421875,
                7.0063700675964355,
                1.0
            ]
        ]
    },
    {
        "ID": 6,
        "Name": "DOOR5",
        "Type": 0,
        "Scale": 1.0,
        "Transform": [
            [
                0.9495280981063843,
                -0.3136817216873169,
                0.0,
                0.0
            ],
            [
                0.3136817216873169,
                0.9495280981063843,
                0.0,
                0.0
            ],
            [
                0.0,
                0.0,
                0.9999999403953552,
                0.0
            ],
            [
                1490.7900390625,
                -2673.60009765625,
                2.122420072555542,
                1.0
            ]
        ]
    },
    {
        "ID": 7,
        "Name": "DOOR5",
        "Type": 0,
        "Scale": 1.0,
        "Transform": [
            [
                0.9999999403953552,
                0.0,
                0.0,
                0.0
            ],
            [
                0.0,
                0.9999999403953552,
                0.0,
                0.0
            ],
            [
                0.0,
                0.0,
                0.9999999403953552,
                0.0
            ],
            [
                -2423.31005859375,
                -1274.010009765625,
                1.6188199520111084,
                1.0
            ]
        ]
    }
]