[
    {
        "ID": 107,
        "Name": "FAYDOOR",
        "Type": 54,
        "Scale": 1.0,
        "Transform": [
            [
                -0.42267102003097534,
                -0.9062626957893372,
                0.0,
                0.0
            ],
            [
                0.9062626957893372,
                -0.42267102003097534,
                0.0,
                0.0
            ],
            [
                0.0,
                0.0,
                1.0,
                0.0
            ],
            [
                -2047.3699951171875,
                -302.3810119628906,
                5.892660140991211,
                1.0
            ]
        ]
    },
    {
        "ID": 106,
        "Name": "FAYLEVATOR",
        "Type": 54,
        "Scale": 1.0,
        "Transform": [
            [
                0.0,
                0.0,
                1.0,
                0.0
            ],
            [
                0.8962218165397644,
                -0.44356414675712585,
                0.0,
                0.0
            ],
            [
                0.44356414675712585,
                0.8962218165397644,
                0.0,
                0.0
            ],
            [
                -2033.8299560546875,
                -306.65899658203125,
                29.694499969482422,
                1.0
            ]
        ]
    },
    {
        "ID": 105,
        "Name": "FAYDOOR",
        "Type": 54,
        "Scale": 1.0,
        "Transform": [
            [
                -0.3824672996997833,
                -0.9239674210548401,
                0.0,
                0.0
            ],
            [
                0.9239674210548401,
                -0.3824672996997833,
                0.0,
                0.0
            ],
            [
                0.0,
                0.0,
                1.0,
                0.0
            ],
            [
                -2079.050048828125,
                -288.09698486328125,
                6.112659931182861,
                1.0
            ]
        ]
    },
    {
        "ID": 104,
        "Name": "FAYLEVATOR",
        "Type": 54,
        "Scale": 1.0,
        "Transform": [
            [
                0.0,
                0.0,
                1.0,
                0.0
            ],
            [
                0.9307045340538025,
                -0.3657204508781433,
                0.0,
                0.0
            ],
            [
                0.3657204508781433,
                0.9307045340538025,
                0.0,
                0.0
            ],
            [
                -2066.780029296875,
                -291.7969970703125,
                28.548200607299805,
                1.0
            ]
        ]
    },
    {
        "ID": 103,
        "Name": "FAYDOOR",
        "Type": 54,
        "Scale": 1.0,
        "Transform": [
            [
                0.9281313419342041,
                -0.37223777174949646,
                0.0,
                0.0
            ],
            [
                0.37223777174949646,
                0.9281313419342041,
                0.0,
                0.0
            ],
            [
                0.0,
                0.0,
                1.0,
                0.0
            ],
            [
                -2096.3798828125,
                -314.9079895019531,
                3.231290102005005,
                1.0
            ]
        ]
    },
    {
        "ID": 102,
        "Name": "FAYLEVATOR",
        "Type": 54,
        "Scale": 1.0,
        "Transform": [
            [
                0.0,
                0.0,
                1.0,
                0.0
            ],
            [
                0.40512868762016296,
                0.9142588376998901,
                0.0,
                0.0
            ],
            [
                -0.9142588376998901,
                0.40512868762016296,
                0.0,
                0.0
            ],
            [
                -2091.590087890625,
                -300.8489990234375,
                25.837200164794922,
                1.0
            ]
        ]
    },
    {
        "ID": 101,
        "Name": "FAYLEVATOR",
        "Type": 54,
        "Scale": 1.0,
        "Transform": [
            [
                0.0,
                0.0,
                1.0,
                0.0
            ],
            [
                0.3943294882774353,
                0.9189667105674744,
                0.0,
                0.0
            ],
            [
                -0.9189667105674744,
                0.3943294882774353,
                0.0,
                0.0
            ],
            [
                -2106.1201171875,
                -334.6510009765625,
                24.57830047607422,
                1.0
            ]
        ]
    },
    {
        "ID": 100,
        "Name": "FAYDOOR",
        "Type": 54,
        "Scale": 1.0,
        "Transform": [
            [
                0.8588461875915527,
                -0.5122118592262268,
                0.0,
                0.0
            ],
            [
                0.5122118592262268,
                0.8588461875915527,
                0.0,
                0.0
            ],
            [
                0.0,
                0.0,
                1.0,
                0.0
            ],
            [
                -2162.739990234375,
                -479.8399963378906,
                18.197799682617188,
                1.0
            ]
        ]
    },
    {
        "ID": 99,
        "Name": "FAYLEVATOR",
        "Type": 54,
        "Scale": 1.0,
        "Transform": [
            [
                0.0,
                0.0,
                1.0,
                0.0
            ],
            [
                0.39905431866645813,
                0.9169069528579712,
                0.0,
                0.0
            ],
            [
                -0.9169069528579712,
                0.39905431866645813,
                0.0,
                0.0
            ],
            [
                -2157.820068359375,
                -465.02801513671875,
                37.4119987487793,
                1.0
            ]
        ]
    },
    {
        "ID": 98,
        "Name": "FAYDOOR",
        "Type": 54,
        "Scale": 1.0,
        "Transform": [
            [
                0.9104738235473633,
                -0.41353175044059753,
                0.0,
                0.0
            ],
            [
                0.41353175044059753,
                0.9104738235473633,
                0.0,
                0.0
            ],
            [
                0.0,
                0.0,
                1.0,
                0.0
            ],
            [
                -2177.419921875,
                -510.48199462890625,
                10.062000274658203,
                1.0
            ]
        ]
    },
    {
        "ID": 97,
        "Name": "FAYLEVATOR",
        "Type": 54,
        "Scale": 1.0,
        "Transform": [
            [
                0.011497790925204754,
                -0.004288307391107082,
                0.9999247193336487,
                0.0
            ],
            [
                0.3494515120983124,
                0.9369478225708008,
                0.0,
                0.0
            ],
            [
                -0.9368772506713867,
                0.34942519664764404,
                0.012271538376808167,
                0.0
            ],
            [
                -2173.02001953125,
                -500.114013671875,
                39.07740020751953,
                1.0
            ]
        ]
    },
    {
        "ID": 96,
        "Name": "FAYLEVATOR",
        "Type": 54,
        "Scale": 1.0,
        "Transform": [
            [
                0.0,
                0.0,
                1.0,
                0.0
            ],
            [
                -0.9189667105674744,
                0.3943294882774353,
                0.0,
                0.0
            ],
            [
                -0.3943294882774353,
                -0.9189667105674744,
                0.0,
                0.0
            ],
            [
                -2162.330078125,
                -523.7839965820313,
                27.156299591064453,
                1.0
            ]
        ]
    },
    {
        "ID": 95,
        "Name": "FAYLEVATOR",
        "Type": 54,
        "Scale": 1.0,
        "Transform": [
            [
                0.0,
                0.0,
                1.0,
                0.0
            ],
            [
                -0.9208771586418152,
                0.389807790517807,
                0.0,
                0.0
            ],
            [
                -0.389807790517807,
                -0.9208771586418152,
                0.0,
                0.0
            ],
            [
                -2130.43994140625,
                -537.2100219726563,
                27.722700119018555,
                1.0
            ]
        ]
    },
    {
        "ID": 94,
        "Name": "FAYDOOR",
        "Type": 54,
        "Scale": 1.0,
        "Transform": [
            [
                0.362870454788208,
                0.9298021793365479,
                0.06132073700428009,
                0.0
            ],
            [
                -0.9315552711486816,
                0.3635546565055847,
                0.0,
                0.0
            ],
            [
                -0.022293439134955406,
                -0.05712365359067917,
                0.9981181025505066,
                0.0
            ],
            [
                -2025.97998046875,
                -577.22900390625,
                15.997699737548828,
                1.0
            ]
        ]
    },
    {
        "ID": 93,
        "Name": "FAYDOOR",
        "Type": 54,
        "Scale": 1.0,
        "Transform": [
            [
                -0.6744524836540222,
                0.7382960319519043,
                0.0,
                0.0
            ],
            [
                -0.7382960319519043,
                -0.6744524836540222,
                0.0,
                0.0
            ],
            [
                0.0,
                0.0,
                1.0,
                0.0
            ],
            [
                -1968.8800048828125,
                -603.093017578125,
                20.21969985961914,
                1.0
            ]
        ]
    },
    {
        "ID": 92,
        "Name": "FAYLEVATOR",
        "Type": 54,
        "Scale": 1.0,
        "Transform": [
            [
                -0.05334164574742317,
                -0.12355638295412064,
                0.9909026622772217,
                0.0
            ],
            [
                -0.9180839657783508,
                0.3963543474674225,
                0.0,
                0.0
            ],
            [
                -0.39274856448173523,
                -0.9097318053245544,
                -0.13458070158958435,
                0.0
            ],
            [
                -2009.5899658203125,
                -588.6829833984375,
                39.98849868774414,
                1.0
            ]
        ]
    },
    {
        "ID": 91,
        "Name": "FAYLEVATOR",
        "Type": 54,
        "Scale": 1.0,
        "Transform": [
            [
                -0.08249373733997345,
                -0.2158266007900238,
                0.9729399681091309,
                0.0
            ],
            [
                -0.9340793490409851,
                0.35702595114707947,
                0.0,
                0.0
            ],
            [
                -0.3473648130893707,
                -0.9088031053543091,
                -0.23105810582637787,
                0.0
            ],
            [
                -1983.6600341796875,
                -601.2869873046875,
                41.04199981689453,
                1.0
            ]
        ]
    },
    {
        "ID": 90,
        "Name": "FAYLEVATOR",
        "Type": 54,
        "Scale": 1.0,
        "Transform": [
            [
                0.0,
                0.0,
                1.0,
                0.0
            ],
            [
                -0.36503496766090393,
                -0.9309737682342529,
                0.0,
                0.0
            ],
            [
                0.9309737682342529,
                -0.36503496766090393,
                0.0,
                0.0
            ],
            [
                -1961.1099853515625,
                -588.2730102539063,
                45.357200622558594,
                1.0
            ]
        ]
    },
    {
        "ID": 89,
        "Name": "FAYLEVATOR",
        "Type": 54,
        "Scale": 1.0,
        "Transform": [
            [
                0.0,
                0.0,
                1.0,
                0.0
            ],
            [
                -0.4098285138607025,
                -0.9121426343917847,
                0.0,
                0.0
            ],
            [
                0.9121426343917847,
                -0.4098285138607025,
                0.0,
                0.0
            ],
            [
                -1948.6600341796875,
                -559.5399780273438,
                36.97930145263672,
                1.0
            ]
        ]
    },
    {
        "ID": 88,
        "Name": "FAYLEVATOR",
        "Type": 54,
        "Scale": 1.0,
        "Transform": [
            [
                0.03402587026357651,
                -0.014035312458872795,
                0.9993223547935486,
                0.0
            ],
            [
                -0.381319522857666,
                -0.9244346618652344,
                0.0,
                0.0
            ],
            [
                0.923808217048645,
                -0.3810611069202423,
                -0.03680722415447235,
                0.0
            ],
            [
                -1877.18994140625,
                -400.01800537109375,
                35.444698333740234,
                1.0
            ]
        ]
    },
    {
        "ID": 87,
        "Name": "FAYLEVATOR",
        "Type": 54,
        "Scale": 1.0,
        "Transform": [
            [
                0.0,
                0.0,
                1.0,
                0.0
            ],
            [
                0.9334274530410767,
                -0.35874733328819275,
                0.0,
                0.0
            ],
            [
                0.35874733328819275,
                0.9334274530410767,
                0.0,
                0.0
            ],
            [
                -1886.1099853515625,
                -374.1669921875,
                37.5796012878418,
                1.0
            ]
        ]
    },
    {
        "ID": 86,
        "Name": "FAYLEVATOR",
        "Type": 54,
        "Scale": 1.0,
        "Transform": [
            [
                0.0,
                0.0,
                1.0,
                0.0
            ],
            [
                0.9378435611724854,
                -0.3470352590084076,
                0.0,
                0.0
            ],
            [
                0.3470352590084076,
                0.9378435611724854,
                0.0,
                0.0
            ],
            [
                -1912.8499755859375,
                -364.02801513671875,
                36.305198669433594,
                1.0
            ]
        ]
    },
    {
        "ID": 37,
        "Name": "FAYDOOR",
        "Type": 0,
        "Scale": 1.0,
        "Transform": [
            [
                -0.9999999403953552,
                0.0,
                0.0,
                0.0
            ],
            [
                0.0,
                -0.9999999403953552,
                0.0,
                0.0
            ],
            [
                0.0,
                0.0,
                0.9999999403953552,
                0.0
            ],
            [
                -175.50999450683594,
                617.4719848632813,
                114.39800262451172,
                1.0
            ]
        ]
    },
    {
        "ID": 36,
        "Name": "FAYDOOR",
        "Type": 0,
        "Scale": 1.0,
        "Transform": [
            [
                -0.7338157296180725,
                0.6793350577354431,
                0.0,
                0.0
            ],
            [
                -0.6793350577354431,
                -0.7338157296180725,
                0.0,
                0.0
            ],
            [
                0.0,
                0.0,
                0.9999999403953552,
                0.0
            ],
            [
                -153.74200439453125,
                673.93798828125,
                114.39800262451172,
                1.0
            ]
        ]
    },
    {
        "ID": 35,
        "Name": "FAYDOOR",
        "Type": 0,
        "Scale": 1.0,
        "Transform": [
            [
                0.0,
                0.9999999403953552,
                0.0,
                0.0
            ],
            [
                -0.9999999403953552,
                0.0,
                0.0,
                0.0
            ],
            [
                0.0,
                0.0,
                0.9999999403953552,
                0.0
            ],
            [
                128.5749969482422,
                763.1920166015625,
                73.95980072021484,
                1.0
            ]
        ]
    },
    {
        "ID": 34,
        "Name": "FAYDOOR",
        "Type": 0,
        "Scale": 1.0,
        "Transform": [
            [
                0.9999999403953552,
                0.0,
                0.0,
                0.0
            ],
            [
                0.0,
                0.9999999403953552,
                0.0,
                0.0
            ],
            [
                0.0,
                0.0,
                0.9999999403953552,
                0.0
            ],
            [
                225.4550018310547,
                613.3090209960938,
                73.96589660644531,
                1.0
            ]
        ]
    },
    {
        "ID": 33,
        "Name": "FAYDOOR2A",
        "Type": 0,
        "Scale": 1.0,
        "Transform": [
            [
                0.7041391730308533,
                0.7100380063056946,
                0.0,
                0.0
            ],
            [
                -0.7100380063056946,
                0.7041391730308533,
                0.0,
                0.0
            ],
            [
                0.0,
                0.0,
                0.9999999403953552,
                0.0
            ],
            [
                253.83299255371094,
                476.4280090332031,
                73.94180297851563,
                1.0
            ]
        ]
    },
    {
        "ID": 32,
        "Name": "FAYDOOR2",
        "Type": 5,
        "Scale": 1.0,
        "Transform": [
            [
                0.699424684047699,
                0.7146949768066406,
                0.0,
                0.0
            ],
            [
                -0.7146949768066406,
                0.699424684047699,
                0.0,
                0.0
            ],
            [
                0.0,
                0.0,
                0.9999999403953552,
                0.0
            ],
            [
                261.24798583984375,
                468.9729919433594,
                73.94180297851563,
                1.0
            ]
        ]
    },
    {
        "ID": 31,
        "Name": "FAYDOOR",
        "Type": 0,
        "Scale": 1.0,
        "Transform": [
            [
                0.0,
                0.9999999403953552,
                0.0,
                0.0
            ],
            [
                -0.9999999403953552,
                0.0,
                0.0,
                0.0
            ],
            [
                0.0,
                0.0,
                0.9999999403953552,
                0.0
            ],
            [
                410.27801513671875,
                438.5740051269531,
                73.96769714355469,
                1.0
            ]
        ]
    },
    {
        "ID": 30,
        "Name": "FAYDOOR",
        "Type": 0,
        "Scale": 1.0,
        "Transform": [
            [
                -0.6854283809661865,
                -0.7281142473220825,
                0.0,
                0.0
            ],
            [
                0.7281142473220825,
                -0.6854283809661865,
                0.0,
                0.0
            ],
            [
                0.0,
                0.0,
                0.9999999403953552,
                0.0
            ],
            [
                356.5769958496094,
                284.6000061035156,
                73.95680236816406,
                1.0
            ]
        ]
    },
    {
        "ID": 29,
        "Name": "FAYDOOR2A",
        "Type": 0,
        "Scale": 1.0,
        "Transform": [
            [
                -0.7203294634819031,
                0.6936049461364746,
                0.0,
                0.0
            ],
            [
                -0.6936049461364746,
                -0.7203294634819031,
                0.0,
                0.0
            ],
            [
                0.0,
                0.0,
                0.9999999403953552,
                0.0
            ],
            [
                -222.58200073242188,
                228.2989959716797,
                73.9583969116211,
                1.0
            ]
        ]
    },
    {
        "ID": 28,
        "Name": "FAYDOOR2",
        "Type": 5,
        "Scale": 1.0,
        "Transform": [
            [
                -0.7105562686920166,
                0.7036145329475403,
                0.0,
                0.0
            ],
            [
                -0.7036145329475403,
                -0.7105562686920166,
                0.0,
                0.0
            ],
            [
                0.0,
                0.0,
                0.9999999403953552,
                0.0
            ],
            [
                -215.16600036621094,
                235.79600524902344,
                73.9583969116211,
                1.0
            ]
        ]
    },
    {
        "ID": 27,
        "Name": "FAYDOOR2",
        "Type": 5,
        "Scale": 1.0,
        "Transform": [
            [
                -0.6832827925682068,
                0.730131983757019,
                0.0,
                0.0
            ],
            [
                -0.730131983757019,
                -0.6832827925682068,
                0.0,
                0.0
            ],
            [
                0.0,
                0.0,
                0.9999999403953552,
                0.0
            ],
            [
                -246.90699768066406,
                267.1679992675781,
                73.9583969116211,
                1.0
            ]
        ]
    },
    {
        "ID": 26,
        "Name": "FAYDOOR2A",
        "Type": 0,
        "Scale": 1.0,
        "Transform": [
            [
                -0.7134885191917419,
                0.7006460428237915,
                0.0,
                0.0
            ],
            [
                -0.7006460428237915,
                -0.7134885191917419,
                0.0,
                0.0
            ],
            [
                0.0,
                0.0,
                0.9999999403953552,
                0.0
            ],
            [
                -254.45700073242188,
                259.73199462890625,
                73.9583969116211,
                1.0
            ]
        ]
    },
    {
        "ID": 25,
        "Name": "FAYDOOR",
        "Type": 0,
        "Scale": 1.0,
        "Transform": [
            [
                -0.010799012146890163,
                0.999933660030365,
                0.0,
                0.0
            ],
            [
                -0.999933660030365,
                -0.010799012146890163,
                0.0,
                0.0
            ],
            [
                0.0,
                0.0,
                0.9999999403953552,
                0.0
            ],
            [
                -88.13680267333984,
                208.5850067138672,
                73.96790313720703,
                1.0
            ]
        ]
    },
    {
        "ID": 24,
        "Name": "FAYDOOR",
        "Type": 0,
        "Scale": 1.0,
        "Transform": [
            [
                -0.9999999403953552,
                0.0,
                0.0,
                0.0
            ],
            [
                0.0,
                -0.9999999403953552,
                0.0,
                0.0
            ],
            [
                0.0,
                0.0,
                0.9999999403953552,
                0.0
            ],
            [
                -557.780029296875,
                59.116600036621094,
                157.97300720214844,
                1.0
            ]
        ]
    },
    {
        "ID": 23,
        "Name": "FAYDOOR",
        "Type": 0,
        "Scale": 1.0,
        "Transform": [
            [
                -0.7120550274848938,
                0.7019900679588318,
                0.012271537445485592,
                0.0
            ],
            [
                -0.7020429372787476,
                -0.7121086716651917,
                0.0,
                0.0
            ],
            [
                0.008738668635487556,
                -0.008615146391093731,
                0.9999246597290039,
                0.0
            ],
            [
                -329.06298828125,
                118.70500183105469,
                114.39399719238281,
                1.0
            ]
        ]
    },
    {
        "ID": 22,
        "Name": "FAYDOOR",
        "Type": 0,
        "Scale": 1.0,
        "Transform": [
            [
                -0.7489725351333618,
                0.6625986099243164,
                0.0,
                0.0
            ],
            [
                -0.6625986099243164,
                -0.7489725351333618,
                0.0,
                0.0
            ],
            [
                0.0,
                0.0,
                0.9999999403953552,
                0.0
            ],
            [
                -349.12200927734375,
                138.79600524902344,
                114.39099884033203,
                1.0
            ]
        ]
    },
    {
        "ID": 21,
        "Name": "FAYDOOR",
        "Type": 0,
        "Scale": 1.0,
        "Transform": [
            [
                0.7003003358840942,
                0.7138300538063049,
                0.0,
                0.0
            ],
            [
                -0.7138300538063049,
                0.7003003358840942,
                0.0,
                0.0
            ],
            [
                0.0,
                0.0,
                0.9999999403953552,
                0.0
            ],
            [
                -208.9239959716797,
                126.26399993896484,
                114.47000122070313,
                1.0
            ]
        ]
    },
    {
        "ID": 20,
        "Name": "FAYDOOR",
        "Type": 0,
        "Scale": 1.0,
        "Transform": [
            [
                0.7071067094802856,
                0.7071067094802856,
                0.0,
                0.0
            ],
            [
                -0.7071067094802856,
                0.7071067094802856,
                0.0,
                0.0
            ],
            [
                0.0,
                0.0,
                0.9999999403953552,
                0.0
            ],
            [
                -53.291500091552734,
                -102.29299926757813,
                73.96810150146484,
                1.0
            ]
        ]
    },
    {
        "ID": 19,
        "Name": "FAYDOOR",
        "Type": 0,
        "Scale": 1.0,
        "Transform": [
            [
                0.9999999403953552,
                0.0,
                0.0,
                0.0
            ],
            [
                0.0,
                0.9999999403953552,
                0.0,
                0.0
            ],
            [
                0.0,
                0.0,
                0.9999999403953552,
                0.0
            ],
            [
                -199.0330047607422,
                -604.6339721679688,
                157.9709930419922,
                1.0
            ]
        ]
    },
    {
        "ID": 18,
        "Name": "FAYDOOR",
        "Type": 0,
        "Scale": 1.0,
        "Transform": [
            [
                0.0,
                -0.9999999403953552,
                0.0,
                0.0
            ],
            [
                0.9999999403953552,
                0.0,
                0.0,
                0.0
            ],
            [
                0.0,
                0.0,
                0.9999999403953552,
                0.0
            ],
            [
                -61.15169906616211,
                -223.7259979248047,
                72.58280181884766,
                1.0
            ]
        ]
    },
    {
        "ID": 7,
        "Name": "FAYDOOR2A",
        "Type": 0,
        "Scale": 1.0,
        "Transform": [
            [
                -0.7254239916801453,
                0.6882889270782471,
                0.0,
                0.0
            ],
            [
                -0.6882889270782471,
                -0.7254239916801453,
                0.0,
                0.0
            ],
            [
                0.0,
                0.0,
                0.9999999403953552,
                0.0
            ],
            [
                -520.2680053710938,
                -198.79600524902344,
                157.97900390625,
                1.0
            ]
        ]
    },
    {
        "ID": 6,
        "Name": "FAYDOOR2",
        "Type": 5,
        "Scale": 1.0,
        "Transform": [
            [
                -0.7546254992485046,
                0.6561305522918701,
                0.0,
                0.0
            ],
            [
                -0.6561305522918701,
                -0.7546254992485046,
                0.0,
                0.0
            ],
            [
                0.0,
                0.0,
                0.9999999403953552,
                0.0
            ],
            [
                -481.2099914550781,
                -222.91099548339844,
                157.97900390625,
                1.0
            ]
        ]
    },
    {
        "ID": 5,
        "Name": "FAYDOOR2A",
        "Type": 0,
        "Scale": 1.0,
        "Transform": [
            [
                -0.6786026954650879,
                0.7344877123832703,
                0.0,
                0.0
            ],
            [
                -0.7344877123832703,
                -0.6786026954650879,
                0.0,
                0.0
            ],
            [
                0.0,
                0.0,
                0.9999999403953552,
                0.0
            ],
            [
                -488.6199951171875,
                -230.4709930419922,
                157.97900390625,
                1.0
            ]
        ]
    },
    {
        "ID": 3,
        "Name": "FAYDOOR",
        "Type": 0,
        "Scale": 1.0,
        "Transform": [
            [
                0.7235658168792725,
                -0.6902472376823425,
                0.0,
                0.0
            ],
            [
                0.6902472376823425,
                0.7235658168792725,
                0.0,
                0.0
            ],
            [
                0.0,
                0.0,
                0.9999999403953552,
                0.0
            ],
            [
                -378.7640075683594,
                -325.50299072265625,
                157.97000122070313,
                1.0
            ]
        ]
    },
    {
        "ID": 1,
        "Name": "FAYDOOR",
        "Type": 0,
        "Scale": 1.0,
        "Transform": [
            [
                0.9999999403953552,
                0.0,
                0.0,
                0.0
            ],
            [
                0.0,
                0.9999999403953552,
                0.0,
                0.0
            ],
            [
                0.0,
                0.0,
                0.9999999403953552,
                0.0
            ],
            [
                -119.5250015258789,
                -560.5759887695313,
                157.9709930419922,
                1.0
            ]
        ]
    },
    {
        "ID": 2,
        "Name": "FAYDOOR",
        "Type": 0,
        "Scale": 1.0,
        "Transform": [
            [
                0.7311409711837769,
                -0.6822099685668945,
                0.0,
                0.0
            ],
            [
                0.6822099685668945,
                0.7311409711837769,
                0.0,
                0.0
            ],
            [
                0.0,
                0.0,
                0.9999999403953552,
                0.0
            ],
            [
                -377.260009765625,
                -605.551025390625,
                157.96800231933594,
                1.0
            ]
        ]
    },
    {
        "ID": 8,
        "Name": "FAYDOOR2",
        "Type": 5,
        "Scale": 1.0,
        "Transform": [
            [
                -0.6782500147819519,
                0.7348113059997559,
                0.0,
                0.0
            ],
            [
                -0.7348113059997559,
                -0.6782500147819519,
                0.0,
                0.0
            ],
            [
                0.0,
                0.0,
                0.9999999403953552,
                0.0
            ],
            [
                -512.7949829101563,
                -191.39599609375,
                157.97900390625,
                1.0
            ]
        ]
    },
    {
        "ID": 9,
        "Name": "FAYDOOR",
        "Type": 0,
        "Scale": 1.0,
        "Transform": [
            [
                -0.9999999403953552,
                0.0,
                0.0,
                0.0
            ],
            [
                0.0,
                -0.9999999403953552,
                0.0,
                0.0
            ],
            [
                0.0,
                0.0,
                0.9999999403953552,
                0.0
            ],
            [
                -501.3590087890625,
                -560.9149780273438,
                157.91900634765625,
                1.0
            ]
        ]
    },
    {
        "ID": 10,
        "Name": "FAYDOOR",
        "Type": 0,
        "Scale": 1.0,
        "Transform": [
            [
                0.9999999403953552,
                0.0,
                0.0,
                0.0
            ],
            [
                0.0,
                0.9999999403953552,
                0.0,
                0.0
            ],
            [
                0.0,
                0.0,
                0.9999999403953552,
                0.0
            ],
            [
                -263.6029968261719,
                -420.0270080566406,
                114.4000015258789,
                1.0
            ]
        ]
    },
    {
        "ID": 11,
        "Name": "FAYDOOR",
        "Type": 0,
        "Scale": 1.0,
        "Transform": [
            [
                0.7071067094802856,
                0.7071067094802856,
                0.0,
                0.0
            ],
            [
                -0.7071067094802856,
                0.7071067094802856,
                0.0,
                0.0
            ],
            [
                0.0,
                0.0,
                0.9999999403953552,
                0.0
            ],
            [
                -291.0060119628906,
                -341.33099365234375,
                114.39299774169922,
                1.0
            ]
        ]
    },
    {
        "ID": 12,
        "Name": "FAYDOOR",
        "Type": 0,
        "Scale": 1.0,
        "Transform": [
            [
                -0.6983761787414551,
                -0.7157307863235474,
                0.0,
                0.0
            ],
            [
                0.7157307863235474,
                -0.6983761787414551,
                0.0,
                0.0
            ],
            [
                0.0,
                0.0,
                0.9999999403953552,
                0.0
            ],
            [
                -359.5769958496094,
                -187.17999267578125,
                73.96810150146484,
                1.0
            ]
        ]
    },
    {
        "ID": 13,
        "Name": "FAYDOOR",
        "Type": 0,
        "Scale": 1.0,
        "Transform": [
            [
                -0.7027502059936523,
                -0.7114100456237793,
                0.0,
                0.0
            ],
            [
                0.7114100456237793,
                -0.7027502059936523,
                0.0,
                0.0
            ],
            [
                0.0,
                0.0,
                0.9999999403953552,
                0.0
            ],
            [
                -389.14801025390625,
                -158.04200744628906,
                73.96810150146484,
                1.0
            ]
        ]
    },
    {
        "ID": 14,
        "Name": "FAYDOOR",
        "Type": 0,
        "Scale": 1.0,
        "Transform": [
            [
                -0.9999999403953552,
                0.0,
                0.0,
                0.0
            ],
            [
                0.0,
                -0.9999999403953552,
                0.0,
                0.0
            ],
            [
                0.0,
                0.0,
                0.9999999403953552,
                0.0
            ],
            [
                -481.7669982910156,
                -136.54400634765625,
                73.8656997680664,
                1.0
            ]
        ]
    },
    {
        "ID": 15,
        "Name": "FAYDOOR",
        "Type": 0,
        "Scale": 1.0,
        "Transform": [
            [
                0.0,
                0.9999999403953552,
                0.0,
                0.0
            ],
            [
                -0.9999999403953552,
                0.0,
                0.0,
                0.0
            ],
            [
                0.0,
                0.0,
                0.9999999403953552,
                0.0
            ],
            [
                -342.1919860839844,
                -46.31650161743164,
                73.97029876708984,
                1.0
            ]
        ]
    },
    {
        "ID": 16,
        "Name": "FAYDOOR",
        "Type": 0,
        "Scale": 1.0,
        "Transform": [
            [
                0.7006374001502991,
                -0.7134971022605896,
                0.0,
                0.0
            ],
            [
                0.7134971022605896,
                0.7006374001502991,
                0.0,
                0.0
            ],
            [
                0.0,
                0.0,
                0.9999999403953552,
                0.0
            ],
            [
                -225.2030029296875,
                -252.98300170898438,
                74.01319885253906,
                1.0
            ]
        ]
    },
    {
        "ID": 17,
        "Name": "FAYDOOR",
        "Type": 0,
        "Scale": 1.0,
        "Transform": [
            [
                0.0,
                -0.9999999403953552,
                0.0,
                0.0
            ],
            [
                0.9999999403953552,
                0.0,
