[
    {
        "ID": 247,
        "Name": "PADOOR101",
        "Type": 2,
        "Scale": 1.0,
        "Transform": [
            [
                0.9999999403953552,
                0.0,
                0.0,
                0.0
            ],
            [
                0.0,
                0.9999999403953552,
                0.0,
                0.0
            ],
            [
                0.0,
                0.0,
                0.9999999403953552,
                0.0
            ],
            [
                -100.39700317382813,
                318.7770080566406,
                -271.8080139160156,
                1.0
            ]
        ]
    },
    {
        "ID": 246,
        "Name": "HOLEMUD400",
        "Type": 55,
        "Scale": 1.0,
        "Transform": [
            [
                0.03680722042918205,
                -0.9993222951889038,
                0.0,
                0.0
            ],
            [
                0.9993222951889038,
                0.03680722042918205,
                0.0,
                0.0
            ],
            [
                0.0,
                0.0,
                0.9999999403953552,
                0.0
            ],
            [
                878.4329833984375,
                822.2880249023438,
                -853.3909912109375,
                1.0
            ]
        ]
    },
    {
        "ID": 245,
        "Name": "HOLESHIELD401",
        "Type": 55,
        "Scale": 1.0,
        "Transform": [
            [
                0.9999246597290039,
                0.012271537445485592,
                0.0,
                0.0
            ],
            [
                -0.012271537445485592,
                0.9999246597290039,
                0.0,
                0.0
            ],
            [
                0.0,
                0.0,
                0.9999999403953552,
                0.0
            ],
            [
                872.0809936523438,
                829.8759765625,
                -853.3909912109375,
                1.0
            ]
        ]
    },
    {
        "ID": 244,
        "Name": "HOLESWORD400",
        "Type": 55,
        "Scale": 1.0,
        "Transform": [
            [
                0.012271537445485592,
                -0.9999246597290039,
                0.0,
                0.0
            ],
            [
                0.9999246597290039,
                0.012271537445485592,
                0.0,
                0.0
            ],
            [
                0.0,
                0.0,
                0.9999999403953552,
                0.0
            ],
            [
                876.885009765625,
                825.7459716796875,
                -853.3909912109375,
                1.0
            ]
        ]
    },
    {
        "ID": 243,
        "Name": "HOLESHIELD401",
        "Type": 55,
        "Scale": 1.0,
        "Transform": [
            [
                0.8639727830886841,
                0.5035383105278015,
                0.0,
                0.0
            ],
            [
                -0.5035383105278015,
                0.8639727830886841,
                0.0,
                0.0
            ],
            [
                0.0,
                0.0,
                0.9999999403953552,
                0.0
            ],
            [
                517.8579711914063,
                771.4500122070313,
                -675.3330078125,
                1.0
            ]
        ]
    },
    {
        "ID": 242,
        "Name": "HOLESHIELD401",
        "Type": 55,
        "Scale": 1.0,
        "Transform": [
            [
                -0.5141026973724365,
                0.8577285408973694,
                0.0,
                0.0
            ],
            [
                -0.8577285408973694,
                -0.5141026973724365,
                0.0,
                0.0
            ],
            [
                0.0,
                0.0,
                0.9999999403953552,
                0.0
            ],
            [
                717.7150268554688,
                448.0929870605469,
                -657.7349853515625,
                1.0
            ]
        ]
    },
    {
        "ID": 241,
        "Name": "HOLESHIELD401",
        "Type": 55,
        "Scale": 1.0,
        "Transform": [
            [
                0.0490676686167717,
                -0.9987953901290894,
                0.0,
                0.0
            ],
            [
                0.9987953901290894,
                0.0490676686167717,
                0.0,
                0.0
            ],
            [
                0.0,
                0.0,
                0.9999999403953552,
                0.0
            ],
            [
                687.2659912109375,
                498.9209899902344,
                -657.489990234375,
                1.0
            ]
        ]
    },
    {
        "ID": 240,
        "Name": "HOLEMUD401",
        "Type": 55,
        "Scale": 1.0,
        "Transform": [
            [
                0.9993222951889038,
                0.03680722042918205,
                0.0,
                0.0
            ],
            [
                -0.03680722042918205,
                0.9993222951889038,
                0.0,
                0.0
            ],
            [
                0.0,
                0.0,
                0.9999999403953552,
                0.0
            ],
            [
                779.9429931640625,
                600.3619995117188,
                -671.5670166015625,
                1.0
            ]
        ]
    },
    {
        "ID": 239,
        "Name": "HOLESHIELD400",
        "Type": 55,
        "Scale": 1.0,
        "Transform": [
            [
                0.9987953901290894,
                -0.049067672342061996,
                0.0,
                0.0
            ],
            [
                0.049067672342061996,
                0.9987953901290894,
                0.0,
                0.0
            ],
            [
                0.0,
                0.0,
                0.9999999403953552,
                0.0
            ],
            [
                780.6810302734375,
                600.0020141601563,
                -670.5670166015625,
                1.0
            ]
        ]
    },
    {
        "ID": 238,
        "Name": "HOLESWORD400",
        "Type": 55,
        "Scale": 1.0,
        "Transform": [
            [
                0.9999246597290039,
                0.012271537445485592,
                0.0,
                0.0
            ],
            [
                -0.012271537445485592,
                0.9999246597290039,
                0.0,
                0.0
            ],
            [
                0.0,
                0.0,
                0.9999999403953552,
                0.0
            ],
            [
                778.8660278320313,
                600.5770263671875,
                -669.3170166015625,
                1.0
            ]
        ]
    },
    {
        "ID": 237,
        "Name": "HOLEMUD400",
        "Type": 55,
        "Scale": 1.0,
        "Transform": [
            [
                0.7883463501930237,
                0.6152315139770508,
                0.0,
                0.0
            ],
            [
                -0.6152315139770508,
                0.7883463501930237,
                0.0,
                0.0
            ],
            [
                0.0,
                0.0,
                0.9999999403953552,
                0.0
            ],
            [
                771.1680297851563,
                434.0220031738281,
                -657.4879760742188,
                1.0
            ]
        ]
    },
    {
        "ID": 236,
        "Name": "HOLESHIELD401",
        "Type": 55,
        "Scale": 1.0,
        "Transform": [
            [
                -0.5956992506980896,
                0.8032074570655823,
                0.0,
                0.0
            ],
            [
                -0.8032074570655823,
                -0.5956992506980896,
                0.0,
                0.0
            ],
            [
                0.0,
                0.0,
                0.9999999403953552,
                0.0
            ],
            [
                768.6220092773438,
                424.4599914550781,
                -657.4879760742188,
                1.0
            ]
        ]
    },
    {
        "ID": 235,
        "Name": "HOLESWORD400",
        "Type": 55,
        "Scale": 1.0,
        "Transform": [
            [
                0.8032074570655823,
                0.5956992506980896,
                0.0,
                0.0
            ],
            [
                -0.5956992506980896,
                0.8032074570655823,
                0.0,
                0.0
            ],
            [
                0.0,
                0.0,
                0.9999999403953552,
                0.0
            ],
            [
                769.2329711914063,
                430.7659912109375,
                -657.4879760742188,
                1.0
            ]
        ]
    },
    {
        "ID": 234,
        "Name": "HOLEMUD400",
        "Type": 55,
        "Scale": 1.0,
        "Transform": [
            [
                0.5657317638397217,
                0.8245892524719238,
                0.0,
                0.0
            ],
            [
                -0.8245892524719238,
                0.5657317638397217,
                0.0,
                0.0
            ],
            [
                0.0,
                0.0,
                0.9999999403953552,
                0.0
            ],
            [
                380.3070068359375,
                557.2520141601563,
                -642.9949951171875,
                1.0
            ]
        ]
    },
    {
        "ID": 233,
        "Name": "HOLESHIELD401",
        "Type": 55,
        "Scale": 1.0,
        "Transform": [
            [
                -0.8104571104049683,
                0.5857977867126465,
                0.0,
                0.0
            ],
            [
                -0.5857977867126465,
                -0.8104571104049683,
                0.0,
                0.0
            ],
            [
                0.0,
                0.0,
                0.9999999403953552,
                0.0
            ],
            [
                380.8890075683594,
                547.3729858398438,
                -643.4949951171875,
                1.0
            ]
        ]
    },
    {
        "ID": 232,
        "Name": "HOLESWORD400",
        "Type": 55,
        "Scale": 1.0,
        "Transform": [
            [
                0.5857977867126465,
                0.8104571104049683,
                0.0,
                0.0
            ],
            [
                -0.8104571104049683,
                0.5857977867126465,
                0.0,
                0.0
            ],
            [
                0.0,
                0.0,
                0.9999999403953552,
                0.0
            ],
            [
                379.489990234375,
                553.552978515625,
                -642.9949951171875,
                1.0
            ]
        ]
    },
    {
        "ID": 231,
        "Name": "HOLEMUD400",
        "Type": 55,
        "Scale": 1.0,
        "Transform": [
            [
                0.7807371616363525,
                -0.6248594522476196,
                0.0,
                0.0
            ],
            [
                0.6248594522476196,
                0.7807371616363525,
                0.0,
                0.0
            ],
            [
                0.0,
                0.0,
                0.9999999403953552,
                0.0
            ],
            [
                225.77999877929688,
                780.5020141601563,
                -475.6730041503906,
                1.0
            ]
        ]
    },
    {
        "ID": 230,
        "Name": "HOLEMUD400",
        "Type": 55,
        "Scale": 1.0,
        "Transform": [
            [
                -0.19509030878543854,
                -0.9807851910591125,
                0.0,
                0.0
            ],
            [
                0.9807851910591125,
                -0.19509030878543854,
                0.0,
                0.0
            ],
            [
                0.0,
                0.0,
                0.9999999403953552,
                0.0
            ],
            [
                203.0659942626953,
                868.614013671875,
                -475.8059997558594,
                1.0
            ]
        ]
    },
    {
        "ID": 229,
        "Name": "HOLEMUD400",
        "Type": 55,
        "Scale": 1.0,
        "Transform": [
            [
                0.8639727830886841,
                0.5035383105278015,
                0.0,
                0.0
            ],
            [
                -0.5035383105278015,
                0.8639727830886841,
                0.0,
                0.0
            ],
            [
                0.0,
                0.0,
                0.9999999403953552,
                0.0
            ],
            [
                97.53459930419922,
                819.9630126953125,
                -391.8349914550781,
                1.0
            ]
        ]
    },
    {
        "ID": 228,
        "Name": "HOLEMUD400",
        "Type": 55,
        "Scale": 1.0,
        "Transform": [
            [
                -0.9285060167312622,
                0.37131717801094055,
                0.0,
                0.0
            ],
            [
                -0.37131717801094055,
                -0.9285060167312622,
                0.0,
                0.0
            ],
            [
                0.0,
                0.0,
                0.9999999403953552,
                0.0
            ],
            [
                -12.923500061035156,
                324.3340148925781,
                -307.8630065917969,
                1.0
            ]
        ]
    },
    {
        "ID": 227,
        "Name": "HOLEMUD401",
        "Type": 55,
        "Scale": 1.0,
        "Transform": [
            [
                -0.6806009411811829,
                0.7326542139053345,
                0.0,
                0.0
            ],
            [
                -0.7326542139053345,
                -0.6806009411811829,
                0.0,
                0.0
            ],
            [
                0.0,
                0.0,
                0.9999999403953552,
                0.0
            ],
            [
                -9.478520393371582,
                186.66600036621094,
                -308.1319885253906,
                1.0
            ]
        ]
    },
    {
        "ID": 226,
        "Name": "HOLESHIELD400",
        "Type": 55,
        "Scale": 1.0,
        "Transform": [
            [
                -0.6055110096931458,
                0.795836865901947,
                0.0,
                0.0
            ],
            [
                -0.795836865901947,
                -0.6055110096931458,
                0.0,
                0.0
            ],
            [
                0.0,
                0.0,
                0.9999999403953552,
                0.0
            ],
            [
                -9.678210258483887,
                187.46200561523438,
                -307.1319885253906,
                1.0
            ]
        ]
    },
    {
        "ID": 225,
        "Name": "HOLESWORD400",
        "Type": 55,
        "Scale": 1.0,
        "Transform": [
            [
                -0.6624157428741455,
                0.7491363286972046,
                0.0,
                0.0
            ],
            [
                -0.7491363286972046,
                -0.6624157428741455,
                0.0,
                0.0
            ],
            [
                0.0,
                0.0,
                0.9999999403953552,
                0.0
            ],
            [
                -8.949469566345215,
                185.70399475097656,
                -305.8819885253906,
                1.0
            ]
        ]
    },
    {
        "ID": 224,
        "Name": "HOLEMUD400",
        "Type": 55,
        "Scale": 1.0,
        "Transform": [
            [
                0.3598950207233429,
                0.9329927563667297,
                0.0,
                0.0
            ],
            [
                -0.9329927563667297,
                0.3598950207233429,
                0.0,
                0.0
            ],
            [
                0.0,
                0.0,
                0.9999999403953552,
                0.0
            ],
            [
                0.12691199779510498,
                204.38099670410156,
                -308.6239929199219,
                1.0
            ]
        ]
    },
    {
        "ID": 223,
        "Name": "NERJEWEL",
        "Type": 156,
        "Scale": 1.0,
        "Transform": [
            [
                0.774154007434845,
                -0.632982075214386,
                0.0,
                0.0
            ],
            [
                0.632982075214386,
                0.774154007434845,
                0.0,
                0.0
            ],
            [
                0.0,
                0.0,
                0.9999999403953552,
                0.0
            ],
            [
                46.8213996887207,
                328.875,
                -375.7919921875,
                1.0
            ]
        ]
    },
    {
        "ID": 222,
        "Name": "NERJEWEL",
        "Type": 156,
        "Scale": 1.0,
        "Transform": [
            [
                0.4349769651889801,
                -0.9004230499267578,
                0.0,
                0.0
            ],
            [
                0.9004230499267578,
                0.4349769651889801,
                0.0,
                0.0
            ],
            [
                0.0,
                0.0,
                0.9999999403953552,
                0.0
            ],
            [
                47.007198333740234,
                364.875,
                -375.8919982910156,
                1.0
            ]
        ]
    },
    {
        "ID": 221,
        "Name": "NERJEWEL",
        "Type": 156,
        "Scale": 1.0,
        "Transform": [
            [
                0.4349769651889801,
                -0.9004230499267578,
                0.0,
                0.0
            ],
            [
                0.9004230499267578,
                0.4349769651889801,
                0.0,
                0.0
            ],
            [
                0.0,
                0.0,
                0.9999999403953552,
                0.0
            ],
            [
                64.98149871826172,
                346.8240051269531,
                -375.8919982910156,
                1.0
            ]
        ]
    },
    {
        "ID": 220,
        "Name": "HOLESHIELD401",
        "Type": 55,
        "Scale": 1.0,
        "Transform": [
            [
                -0.9238794445991516,
                0.3826833963394165,
                0.0,
                0.0
            ],
            [
                -0.3826833963394165,
                -0.9238794445991516,
                0.0,
                0.0
            ],
            [
                0.0,
                0.0,
                0.9999999403953552,
                0.0
            ],
            [
                2.858959913253784,
                194.8699951171875,
                -308.6239929199219,
                1.0
            ]
        ]
    },
    {
        "ID": 219,
        "Name": "HOLESWORD400",
        "Type": 55,
        "Scale": 1.0,
        "Transform": [
            [
                0.3826833963394165,
                0.9238794445991516,
                0.0,
                0.0
            ],
            [
                -0.9238794445991516,
                0.3826833963394165,
                0.0,
                0.0
            ],
            [
                0.0,
                0.0,
                0.9999999403953552,
                0.0
            ],
            [
                0.14018599689006805,
                200.5919952392578,
                -308.6239929199219,
                1.0
            ]
        ]
    },
    {
        "ID": 218,
        "Name": "HOLEMUD400",
        "Type": 55,
        "Scale": 1.0,
        "Transform": [
            [
                -0.15885813534259796,
                0.9873013496398926,
                0.0,
                0.0
            ],
            [
                -0.9873013496398926,
                -0.15885813534259796,
                0.0,
                0.0
            ],
            [
                0.0,
                0.0,
                0.9999999403953552,
                0.0
            ],
            [
                46.143699645996094,
                339.3599853515625,
                -349.6239929199219,
                1.0
            ]
        ]
    },
    {
        "ID": 217,
        "Name": "HOLESHIELD401",
        "Type": 55,
        "Scale": 1.0,
        "Transform": [
            [
                -0.9909026026725769,
                -0.13458068668842316,
                0.0,
                0.0
            ],
            [
                0.13458068668842316,
                -0.9909026026725769,
                0.0,
                0.0
            ],
            [
                0.0,
                0.0,
                0.9999999403953552,
                0.0
            ],
            [
                53.2932014465332,
                332.5190124511719,
                -349.6239929199219,
                1.0
            ]
        ]
    },
    {
        "ID": 216,
        "Name": "HOLESWORD400",
        "Type": 55,
        "Scale": 1.0,
        "Transform": [
            [
                -0.13458068668842316,
                0.9909026026725769,
                0.0,
                0.0
            ],
            [
                -0.9909026026725769,
                -0.13458068668842316,
                0.0,
                0.0
            ],
            [
                0.0,
                0.0,
                0.9999999403953552,
                0.0
            ],
            [
                48.062599182128906,
                336.093994140625,
                -349.6239929199219,
                1.0
            ]
        ]
    },
    {
        "ID": 215,
        "Name": "HOLEMUD400",
        "Type": 55,
        "Scale": 1.0,
        "Transform": [
            [
                0.9569402933120728,
                0.2902846336364746,
                0.0,
                0.0
            ],
            [
                -0.2902846336364746,
                0.9569402933120728,
                0.0,
                0.0
            ],
            [
                0.0,
                0.0,
                0.9999999403953552,
                0.0
            ],
            [
                233.4499969482422,
                312.70599365234375,
                -348.8739929199219,
                1.0
            ]
        ]
    },
    {
        "ID": 214,
        "Name": "HOLEMUD400",
        "Type": 55,
        "Scale": 1.0,
        "Transform": [
            [
                0.8819212317466736,
                -0.47139671444892883,
                0.0,
                0.0
            ],
            [
                0.47139671444892883,
                0.8819212317466736,
                0.0,
                0.0
            ],
            [
                0.0,
                0.0,
                0.9999999403953552,
                0.0
            ],
            [
                382.7720031738281,
                87.46109771728516,
                -348.6239929199219,
                1.0
            ]
        ]
    },
    {
        "ID": 213,
        "Name": "HOLEMUD400",
        "Type": 55,
        "Scale": 1.0,
        "Transform": [
            [
                -0.8639727830886841,
                -0.5035383105278015,
                0.0,
                0.0
            ],
            [
                0.5035383105278015,
                -0.8639727830886841,
                0.0,
                0.0
            ],
            [
                0.0,
                0.0,
                0.9999999403953552,
                0.0
            ],
            [
                302.3269958496094,
                181.06300354003906,
                -348.6239929199219,
                1.0
            ]
        ]
    },
    {
        "ID": 212,
        "Name": "HOLEMUD400",
        "Type": 55,
        "Scale": 1.0,
        "Transform": [
            [
                0.0980171337723732,
                -0.9951846599578857,
                0.0,
                0.0
            ],
            [
                0.9951846599578857,
                0.0980171337723732,
                0.0,
                0.0
            ],
            [
                0.0,
                0.0,
                0.9999999403953552,
                0.0
            ],
            [
                330.364990234375,
                233.7519989013672,
                -348.68499755859375,
                1.0
            ]
        ]
    },
    {
        "ID": 211,
        "Name": "HOLEMUD401",
        "Type": 55,
        "Scale": 1.0,
        "Transform": [
            [
                -0.9495280981063843,
                0.3136817216873169,
                0.0,
                0.0
            ],
            [
                -0.3136817216873169,
                -0.9495280981063843,
                0.0,
                0.0
            ],
            [
                0.0,
                0.0,
                0.9999999403953552,
                0.0
            ],
            [
                27.458099365234375,
                433.3179931640625,
                -350.5979919433594,
                1.0
            ]
        ]
    },
    {
        "ID": 210,
        "Name": "HOLESHIELD400",
        "Type": 55,
        "Scale": 1.0,
        "Transform": [
            [
                -0.9142097234725952,
                0.4052412807941437,
                0.0,
                0.0
            ],
            [
                -0.4052412807941437,
                -0.9142097234725952,
                0.0,
                0.0
            ],
            [
                0.0,
                0.0,
                0.9999999403953552,
                0.0
            ],
            [
                26.899200439453125,
                433.9200134277344,
                -349.5979919433594,
                1.0
            ]
        ]
    },
    {
        "ID": 209,
        "Name": "HOLESWORD400",
        "Type": 55,
        "Scale": 1.0,
        "Transform": [
            [
                -0.9415439963340759,
                0.3368898332118988,
                0.0,
                0.0
            ],
            [
                -0.3368898332118988,
                -0.9415439963340759,
                0.0,
                0.0
            ],
            [
                0.0,
                0.0,
                0.9999999403953552,
                0.0
            ],
            [
                28.385700225830078,
                432.7300109863281,
                -348.3479919433594,
                1.0
            ]
        ]
    },
    {
        "ID": 208,
        "Name": "HOLEMUD400",
        "Type": 55,
        "Scale": 1.0,
        "Transform": [
            [
                -0.7651671767234802,
                -0.6438314914703369,
                0.0,
                0.0
            ],
            [
                0.6438314914703369,
                -0.7651671767234802,
                0.0,
                0.0
            ],
            [
                0.0,
                0.0,
                0.9999999403953552,
                0.0
            ],
            [
                167.73300170898438,
                310.6470031738281,
                -350.614990234375,
                1.0
            ]
        ]
    },
    {
        "ID": 207,
        "Name": "HOLESHIELD401",
        "Type": 55,
        "Scale": 1.0,
        "Transform": [
            [
                0.6248594522476196,
                -0.7807371616363525,
                0.0,
                0.0
            ],
            [
                0.7807371616363525,
                0.6248594522476196,
                0.0,
                0.0
            ],
            [
                0.0,
                0.0,
                0.9999999403953552,
                0.0
            ],
            [
                169.8070068359375,
                320.322998046875,
                -350.614990234375,
                1.0
            ]
        ]
    },
    {
        "ID": 206,
        "Name": "HOLESWORD400",
        "Type": 55,
        "Scale": 1.0,
        "Transform": [
            [
                -0.7807371616363525,
                -0.6248594522476196,
                0.0,
                0.0
            ],
            [
                0.6248594522476196,
                -0.7807371616363525,
                0.0,
                0.0
            ],
            [
                0.0,
                0.0,
                0.9999999403953552,
                0.0
            ],
            [
                169.5070037841797,
                313.9939880371094,
                -350.614990234375,
                1.0
            ]
        ]
    },
    {
        "ID": 205,
        "Name": "HOLEMUD401",
        "Type": 55,
        "Scale": 1.0,
        "Transform": [
            [
                0.7326542139053345,
                -0.6806009411811829,
                0.0,
                0.0
            ],
            [
                0.6806009411811829,
                0.7326542139053345,
                0.0,
                0.0
            ],
            [
                0.0,
                0.0,
                0.9999999403953552,
                0.0
            ],
            [
                239.70199584960938,
                201.1269989013672,
                -349.6600036621094,
                1.0
            ]
        ]
    },
    {
        "ID": 204,
        "Name": "HOLESHIELD400",
        "Type": 55,
        "Scale": 1.0,
        "Transform": [
            [
                0.6624157428741455,
                -0.7491363286972046,
                0.0,
                0.0
            ],
            [
                0.7491363286972046,
                0.6624157428741455,
                0.0,
                0.0
            ],
            [
                0.0,
                0.0,
                0.9999999403953552,
                0.0
            ],
            [
                239.97000122070313,
                200.3509979248047,
                -348.6600036621094,
                1.0
            ]
        ]
    },
    {
        "ID": 203,
        "Name": "HOLESWORD400",
        "Type": 55,
        "Scale": 1.0,
        "Transform": [
            [
                0.7157307863235474,
                -0.6983761787414551,
                0.0,
                0.0
            ],
            [
                0.6983761787414551,
                0.7157307863235474,
                0.0,
                0.0
            ],
            [
                0.0,
                0.0,
                0.9999999403953552,
                0.0
            ],
            [
                239.09300231933594,
                202.04100036621094,
                -347.4100036621094,
                1.0
            ]
        ]
    },
    {
        "ID": 202,
        "Name": "HOLEMUD400",
        "Type": 55,
        "Scale": 1.0,
        "Transform": [
            [
                -0.024541227146983147,
                0.9996987581253052,
                0.0,
                0.0
            ],
            [
                -0.9996987581253052,
                -0.024541227146983147,
                0.0,
                0.0
            ],
            [
                0.0,
                0.0,
                0.9999999403953552,
                0.0
            ],
            [
                136.45399475097656,
                155.59300231933594,
                -349.6239929199219,
                1.0
            ]
        ]
    },
    {
        "ID": 201,
        "Name": "HOLESHIELD401",
        "Type": 55,
        "Scale": 1.0,
        "Transform": [
            [
                -0.9999999403953552,
                0.0,
                0.0,
                0.0
            ],
            [
                0.0,
                -0.9999999403953552,
                0.0,
                0.0
            ],
            [
                0.0,
                0.0,
                0.9999999403953552,
                0.0
            ],
            [
                142.6179962158203,
                147.8520050048828,
                -349.6239929199219,
                1.0
            ]
        ]
    },
    {
        "ID": 200,
        "Name": "HOLESWORD400",
        "Type": 55,
        "Scale": 1.0,
        "Transform": [
            [
                0.0,
                0.9999999403953552,
                0.0,
                0.0
            ],
            [
                -0.9999999403953552,
                0.0,
                0.0,
                0.0
            ],
            [
                0.0,
                0.0,
                0.9999999403953552,
                0.0
            ],
            [
                137.91600036621094,
                152.0989990234375,
                -349.6239929199219,
                1.0
            ]
        ]
    },
    {
        "ID": 199,
        "Name": "HOLESHIELD401",
        "Type": 55,
        "Scale": 1.0,
        "Transform": [
            [
                0.9495280981063843,
                -0.3136817216873169,
                0.0,
                0.0
            ],
            [
                0.3136817216873169,
                0.9495280981063843,
                0.0,
                0.0
            ],
            [
                0.0,
                0.0,
                0.9999999403953552,
                0.0
            ],
            [
                106.46800231933594,
                66.46880340576172,
                -348.1400146484375,
                1.0
            ]
        ]
    },
    {
        "ID": 198,
        "Name": "HOLESWORD400",
        "Type": 55,
        "Scale": 1.0,
        "Transform": [
            [
                -0.9329927563667297,
                0.3598950207233429,
                0.0,
                0.0
            ],
            [
                -0.3598950207233429,
                -0.9329927563667297,
                0.0,
                0.0
            ],
            [
                0.0,
                0.0,
                0.9999999403953552,
                0.0
            ],
            [
                105.43699645996094,
                67.5,
                -345.1400146484375,
                1.0
            ]
        ]
    },
    {
        "ID": 197,
        "Name": "HOLEMUD401",
        "Type": 55,
        "Scale": 1.0,
        "Transform": [
            [
                0.9569402933120728,
                -0.2902846336364746,
                0.0,
                0.0
            ],
            [
                0.2902846336364746,
                0.9569402933120728,
                0.0,
                0.0
            ],
            [
                0.0,
                0.0,
                0.9999999403953552,
                0.0
            ],
            [
                98.36430358886719,
                6.198440074920654,
                -349.6239929199219,
                1.0
            ]
        ]
    },
    {
        "ID": 196,
        "Name": "HOLEMUD401",
        "Type": 55,
        "Scale": 1.0,
        "Transform": [
            [
                0.5657317638397217,
                0.8245892524719238,
                0.0,
                0.0
            ],
            [
                -0.8245892524719238,
                0.5657317638397217,
                0.0,
                0.0
            ],
            [
                0.0,
                0.0,
                0.9999999403953552,
                0.0
            ],
            [
                100.9219970703125,
                6.590179920196533,
                -349.6239929199219,
                1.0
            ]
        ]
    },
    {
        "ID": 195,
        "Name": "HOLESWORD400",
        "Type": 55,
        "Scale": 1.0,
        "Transform": [
            [
                0.9999999403953552,
                0.0,
                0.0,
                0.0
            ],
            [
                0.0,
                0.9999999403953552,
                0.0,
                0.0
            ],
            [
                0.0,
                0.0,
                0.9999999403953552,
                0.0
            ],
            [
                -68.10320281982422,
                -41.09469985961914,
                -350.6239929199219,
                1.0
            ]
        ]
    },
    {
        "ID": 194,
        "Name": "HOLESHIELD401",
        "Type": 55,
        "Scale": 1.0,
        "Transform": [
            [
                0.0,
                0.9999999403953552,
                0.0,
                0.0
            ],
            [
                -0.9999999403953552,
                0.0,
                0.0,
                0.0
            ],
            [
                0.0,
                0.0,
                0.9999999403953552,
                0.0
            ],
            [
                -72.29190063476563,
                -45.84830093383789,
                -350.6239929199219,
                1.0
            ]
        ]
    },
    {
        "ID": 193,
        "Name": "HOLEMUD400",
        "Type": 55,
        "Scale": 1.0,
        "Transform": [
            [
                0.9996987581253052,
                0.024541227146983147,
                0.0,
                0.0
            ],
            [
                -0.024541227146983147,
                0.9996987581253052,
                0.0,
                0.0
            ],
            [
                0.0,
                0.0,
                0.9999999403953552,
                0.0
            ],
            [
                -64.62670135498047,
                -39.5900993347168,
                -350.6239929199219,
                1.0
            ]
        ]
    },
    {
        "ID": 192,
        "Name": "HOLEMUD400",
        "Type": 55,
        "Scale": 1.0,
        "Transform": [
            [
                -0.9981180429458618,
                -0.06132073327898979,
                0.0,
                0.0
            ],
            [
                0.06132073327898979,
                -0.9981180429458618,
                0.0,
                0.0
            ],
            [
                0.0,
                0.0,
                0.9999999403953552,
                0.0
            ],
            [
                -11.242600440979004,
                -122.01599884033203,
                -303.68499755859375,
                1.0
            ]
        ]
    },
    {
        "ID": 191,
        "Name": "HOLEMUD400",
        "Type": 55,
        "Scale": 1.0,
        "Transform": [
            [
                -0.8314695358276367,
                -0.5555701851844788,
                0.0,
                0.0
            ],
            [
                0.5555701851844788,
                -0.8314695358276367,
                0.0,
                0.0
            ],
            [
                0.0,
                0.0,
                0.9999999403953552,
                0.0
            ],
            [
                -53.92689895629883,
                -139.82200622558594,
