[
    {
        "ID": 63,
        "Name": "CRATEG",
        "Type": 53,
        "Scale": 1.0
    },
    {
        "ID": 62,
        "Name": "CRATEG",
        "Type": 53,
        "Scale": 1.0
    },
    {
        "ID": 61,
        "Name": "ICROCK203C",
        "Type": 0,
        "Scale": 1.0,
        "Transform": [
            [
                0.25723516941070557,
                -0.9663362503051758,
                0.0,
                0.0
            ],
            [
                0.9663362503051758,
                0.25723516941070557,
                0.0,
                0.0
            ],
            [
                0.0,
                0.0,
                0.9999999403953552,
                0.0
            ],
            [
                4028.090087890625,
                2438.35009765625,
                -73.39730072021484,
                1.0
            ]
        ]
    },
    {
        "ID": 60,
        "Name": "ICROCK205C",
        "Type": 58,
        "Scale": 1.0,
        "Transform": [
            [
                -0.36058029532432556,
                0.9327235221862793,
                0.0,
                0.0
            ],
            [
                -0.9327235221862793,
                -0.36058029532432556,
                0.0,
                0.0
            ],
            [
                0.0,
                0.0,
                0.9999999403953552,
                0.0
            ],
            [
                3991.820068359375,
                2397.43994140625,
                -78.55419921875,
                1.0
            ]
        ]
    },
    {
        "ID": 59,
        "Name": "ICROCK205C",
        "Type": 58,
        "Scale": 1.0,
        "Transform": [
            [
                -0.9234028458595276,
                -0.3838143050670624,
                0.0,
                0.0
            ],
            [
                0.3838143050670624,
                -0.9234028458595276,
                0.0,
                0.0
            ],
            [
                0.0,
                0.0,
                0.9999999403953552,
                0.0
            ],
            [
                -765.5750122070313,
                -8368.9599609375,
                -40.66659927368164,
                1.0
            ]
        ]
    },
    {
        "ID": 34,
        "Name": "ICROCK202C",
        "Type": 58,
        "Scale": 1.0,
        "Transform": [
            [
                -0.9993222951889038,
                -0.03680722042918205,
                0.0,
                0.0
            ],
            [
                0.03680722042918205,
                -0.9993222951889038,
                0.0,
                0.0
            ],
            [
                0.0,
                0.0,
                0.9999999403953552,
                0.0
            ],
            [
                141.76699829101563,
                -6467.25,
                -41.349700927734375,
                1.0
            ]
        ]
    },
    {
        "ID": 32,
        "Name": "ICROCK203C",
        "Type": 58,
        "Scale": 1.0,
        "Transform": [
            [
                0.41016411781311035,
                -0.9119912981987,
                0.0,
                0.0
            ],
            [
                0.9119912981987,
                0.41016411781311035,
                0.0,
                0.0
            ],
            [
                0.0,
                0.0,
                0.9999999403953552,
                0.0
            ],
            [
                7050.8798828125,
                483.47601318359375,
                -45.87670135498047,
                1.0
            ]
        ]
    },
    {
        "ID": 31,
        "Name": "ICROCK202C",
        "Type": 58,
        "Scale": 1.0,
        "Transform": [
            [
                0.16999372839927673,
                -0.9854394197463989,
                0.0,
                0.0
            ],
            [
                0.9854394197463989,
                0.16999372839927673,
                0.0,
                0.0
            ],
            [
                0.0,
                0.0,
                0.9999999403953552,
                0.0
            ],
            [
                7035.8798828125,
                516.6309814453125,
                -38.902198791503906,
                1.0
            ]
        ]
    },
    {
        "ID": 30,
        "Name": "ICROCK205C",
        "Type": 58,
        "Scale": 1.0,
        "Transform": [
            [
                0.7512351870536804,
                -0.6600124835968018,
                0.0,
                0.0
            ],
            [
                0.6600124835968018,
                0.7512351870536804,
                0.0,
                0.0
            ],
            [
                0.0,
                0.0,
                0.9999999403953552,
                0.0
            ],
            [
                6998.4501953125,
                582.18798828125,
                -33.75529861450195,
                1.0
            ]
        ]
    },
    {
        "ID": 29,
        "Name": "ICROCK205C",
        "Type": 58,
        "Scale": 1.0,
        "Transform": [
            [
                -0.970031201839447,
                0.24298016726970673,
                0.0,
                0.0
            ],
            [
                -0.24298016726970673,
                -0.970031201839447,
                0.0,
                0.0
            ],
            [
                0.0,
                0.0,
                0.9999999403953552,
                0.0
            ],
            [
                5712.009765625,
                -1955.449951171875,
                -41.006900787353516,
                1.0
            ]
        ]
    },
    {
        "ID": 26,
        "Name": "ICROCK202C",
        "Type": 58,
        "Scale": 1.0,
        "Transform": [
            [
                0.8563263416290283,
                -0.5164098143577576,
                0.0,
                0.0
            ],
            [
                0.5164098143577576,
                0.8563263416290283,
                0.0,
                0.0
            ],
            [
                0.0,
                0.0,
                0.9999999403953552,
                0.0
            ],
            [
                5750.89990234375,
                -1991.9300537109375,
                -37.68450164794922,
                1.0
            ]
        ]
    },
    {
        "ID": 25,
        "Name": "ICROCK202C",
        "Type": 58,
        "Scale": 1.0,
        "Transform": [
            [
                0.5857977867126465,
                -0.8104571104049683,
                0.0,
                0.0
            ],
            [
                0.8104571104049683,
                0.5857977867126465,
                0.0,
                0.0
            ],
            [
                0.0,
                0.0,
                0.9999999403953552,
                0.0
            ],
            [
                5793.580078125,
                -2008.4000244140625,
                -39.544498443603516,
                1.0
            ]
        ]
    },
    {
        "ID": 24,
        "Name": "ICROCK202C",
        "Type": 58,
        "Scale": 1.0,
        "Transform": [
            [
                0.8943136930465698,
                0.4474133551120758,
                0.0,
                0.0
            ],
            [
                -0.4474133551120758,
                0.8943136930465698,
                0.0,
                0.0
            ],
            [
                0.0,
                0.0,
                0.9999999403953552,
                0.0
            ],
            [
                1855.25,
                -2155.719970703125,
                -36.59749984741211,
                1.0
            ]
        ]
    },
    {
        "ID": 23,
        "Name": "ICROCK203C",
        "Type": 58,
        "Scale": 1.0,
        "Transform": [
            [
                0.8624741435050964,
                0.5060737729072571,
                0.0,
                0.0
            ],
            [
                -0.5060737729072571,
                0.8624741435050964,
                0.0,
                0.0
            ],
            [
                0.0,
                0.0,
                0.9999999403953552,
                0.0
            ],
            [
                1894.780029296875,
                -2147.989990234375,
                -30.489200592041016,
                1.0
            ]
        ]
    },
    {
        "ID": 21,
        "Name": "ICROCK203C",
        "Type": 58,
        "Scale": 1.0,
        "Transform": [
            [
                0.7853018641471863,
                0.6190836429595947,
                0.0,
                0.0
            ],
            [
                -0.6190836429595947,
                0.7853018641471863,
                0.0,
                0.0
            ],
            [
                0.0,
                0.0,
                0.9999999403953552,
                0.0
            ],
            [
                1914.2099609375,
                -2131.39990234375,
                -32.692501068115234,
                1.0
            ]
        ]
    },
    {
        "ID": 14,
        "Name": "ICROCK203C",
        "Type": 58,
        "Scale": 1.0,
        "Transform": [
            [
                -0.9091679453849792,
                0.4164295196533203,
                0.0,
                0.0
            ],
            [
                -0.4164295196533203,
                -0.9091679453849792,
                0.0,
                0.0
            ],
            [
                0.0,
                0.0,
                0.9999999403953552,
                0.0
            ],
            [
                4771.06005859375,
                653.2260131835938,
                -37.484798431396484,
                1.0
            ]
        ]
    },
    {
        "ID": 13,
        "Name": "FRZSHDENT200",
        "Type": 58,
        "Scale": 1.0,
        "Transform": [
            [
                0.8180063962936401,
                0.5752015113830566,
                0.0,
                0.0
            ],
            [
                -0.5752015113830566,
                0.8180063962936401,
                0.0,
                0.0
            ],
            [
                0.0,
                0.0,
                0.9999999403953552,
                0.0
            ],
            [
                1725.3299560546875,
                2876.22998046875,
                115.36699676513672,
                1.0
            ]
        ]
    },
    {
        "ID": 15,
        "Name": "ICROCK205C",
        "Type": 58,
        "Scale": 1.0,
        "Transform": [
            [
                -0.6322957277297974,
                -0.7747102379798889,
                0.0,
                0.0
            ],
            [
                0.7747102379798889,
                -0.6322957277297974,
                0.0,
                0.0
            ],
            [
                0.0,
                0.0,
                0.9999999403953552,
                0.0
            ],
            [
                4729.89013671875,
                642.8319702148438,
                -43.660499572753906,
                1.0
            ]
        ]
    },
    {
        "ID": 16,
        "Name": "ICROCK202C",
        "Type": 58,
        "Scale": 1.0,
        "Transform": [
            [
                0.6909542083740234,
                -0.7228843569755554,
                0.0,
                0.0
            ],
            [
                0.7228843569755554,
                0.6909542083740234,
                0.0,
                0.0
            ],
            [
                0.0,
                0.0,
                0.9999999403953552,
                0.0
            ],
            [
                1771.7099609375,
                -1094.050048828125,
                -30.33839988708496,
                1.0
            ]
        ]
    },
    {
        "ID": 18,
        "Name": "ICROCK202C",
        "Type": 58,
        "Scale": 1.0,
        "Transform": [
            [
                0.774864673614502,
                -0.6321051716804504,
                0.0,
                0.0
            ],
            [
                0.6321051716804504,
                0.774864673614502,
                0.0,
                0.0
            ],
            [
                0.0,
                0.0,
                0.9999999403953552,
                0.0
            ],
            [
                1803.699951171875,
                -1131.75,
                -7.657529830932617,
                1.0
            ]
        ]
    },
    {
        "ID": 20,
        "Name": "ICROCK202C",
        "Type": 58,
        "Scale": 1.0,
        "Transform": [
            [
                -0.999915599822998,
                0.012762241996824741,
                0.0,
                0.0
            ],
            [
                -0.012762241996824741,
                -0.999915599822998,
                0.0,
                0.0
            ],
            [
                0.0,
                0.0,
                0.9999999403953552,
                0.0
            ],
            [
                1952.219970703125,
                -2102.9599609375,
                -28.271699905395508,
                1.0
            ]
        ]
    },
    {
        "ID": 35,
        "Name": "ICROCK202C",
        "Type": 58,
        "Scale": 1.0,
        "Transform": [
            [
                0.7989287972450256,
                0.6013949513435364,
                0.0,
                0.0
            ],
            [
                -0.6013949513435364,
                0.7989287972450256,
                0.0,
                0.0
            ],
            [
                0.0,
                0.0,
                0.9999999403953552,
                0.0
            ],
            [
                108.58100128173828,
                -6495.16015625,
                -39.69390106201172,
                1.0
            ]
        ]
    },
    {
        "ID": 36,
        "Name": "ICROCK202C",
        "Type": 58,
        "Scale": 1.0,
        "Transform": [
            [
                -0.8665345907211304,
                -0.49908003211021423,
                0.0,
                0.0
            ],
            [
                0.49908003211021423,
                -0.8665345907211304,
                0.0,
                0.0
            ],
            [
                0.0,
                0.0,
                0.9999999403953552,
                0.0
            ],
            [
                64.66339874267578,
                -6504.89990234375,
                -46.63370132446289,
                1.0
            ]
        ]
    },
    {
        "ID": 37,
        "Name": "ICROCK202C",
        "Type": 58,
        "Scale": 1.0,
        "Transform": [
            [
                0.9274881482124329,
                -0.3738177418708801,
                0.0,
                0.0
            ],
            [
                0.3738177418708801,
                0.9274881482124329,
                0.0,
                0.0
            ],
            [
                0.0,
                0.0,
                0.9999999403953552,
                0.0
            ],
            [
                -1964.52001953125,
                -5609.56982421875,
                -43.900001525878906,
                1.0
            ]
        ]
    },
    {
        "ID": 38,
        "Name": "ICROCK203C",
        "Type": 58,
        "Scale": 1.0,
        "Transform": [
            [
                0.9999246597290039,
                0.012271537445485592,
                0.0,
                0.0
            ],
            [
                -0.012271537445485592,
                0.9999246597290039,
                0.0,
                0.0
            ],
            [
                0.0,
                0.0,
                0.9999999403953552,
                0.0
            ],
            [
                -1920.68994140625,
                -5600.14990234375,
                -38.24610137939453,
                1.0
            ]
        ]
    },
    {
        "ID": 39,
        "Name": "ICROCK202C",
        "Type": 58,
        "Scale": 1.0,
        "Transform": [
            [
                -0.9218778610229492,
                0.3874329626560211,
                0.0,
                0.0
            ],
            [
                -0.3874329626560211,
                -0.9218778610229492,
                0.0,
                0.0
            ],
            [
                0.0,
                0.0,
                0.9999999403953552,
                0.0
            ],
            [
                -1873.3800048828125,
                -5616.52978515625,
                -38.11819839477539,
                1.0
            ]
        ]
    },
    {
        "ID": 40,
        "Name": "ICROCK205C",
        "Type": 58,
        "Scale": 1.0,
        "Transform": [
            [
                0.7572087645530701,
                -0.6531727910041809,
                0.0,
                0.0
            ],
            [
                0.6531727910041809,
                0.7572087645530701,
                0.0,
                0.0
            ],
            [
                0.0,
                0.0,
                0.9999999403953552,
                0.0
            ],
            [
                3583.840087890625,
                77.41120147705078,
                -42.27199935913086,
                1.0
            ]
        ]
    },
    {
        "ID": 42,
        "Name": "ICROCK202A",
        "Type": 58,
        "Scale": 1.0,
        "Transform": [
            [
                -0.9999833703041077,
                0.002699753036722541,
                0.0,
                0.0
            ],
            [
                -0.002699753036722541,
                -0.9999833703041077,
                0.0,
                0.0
            ],
            [
                0.0,
                0.0,
                0.9999999403953552,
                0.0
            ],
            [
                1118.199951171875,
                5545.08984375,
                98.33589935302734,
                1.0
            ]
        ]
    },
    {
        "ID": 43,
        "Name": "ICROCK202A",
        "Type": 58,
        "Scale": 1.0,
        "Transform": [
            [
                0.04587982967495918,
                -0.9989323616027832,
                0.0,
                0.0
            ],
            [
                0.9989323616027832,
                0.04587982967495918,
                0.0,
                0.0
            ],
            [
                0.0,
                0.0,
                0.9999999403953552,
                0.0
            ],
            [
                1072.1800537109375,
                5545.08984375,
                101.84700012207031,
                1.0
            ]
        ]
    },
    {
        "ID": 44,
        "Name": "ICROCK202A",
        "Type": 58,
        "Scale": 1.0,
        "Transform": [
            [
                0.9972903728485107,
                0.0735645592212677,
                0.0,
                0.0
            ],
            [
                -0.0735645592212677,
                0.9972903728485107,
                0.0,
                0.0
            ],
            [
                0.0,
                0.0,
                0.9999999403953552,
                0.0
            ],
            [
                1019.6500244140625,
                5543.4599609375,
                110.22699737548828,
                1.0
            ]
        ]
    },
    {
        "ID": 46,
        "Name": "ICROCK203C",
        "Type": 58,
        "Scale": 1.0,
        "Transform": [
            [
                0.9551219940185547,
                0.29614877700805664,
                0.0,
                0.0
            ],
            [
                -0.29614877700805664,
                0.9551219940185547,
                0.0,
                0.0
            ],
            [
                0.0,
                0.0,
                0.9999999403953552,
                0.0
            ],
            [
                1934.3399658203125,
                -2073.639892578125,
                -33.202999114990234,
                1.0
            ]
        ]
    },
    {
        "ID": 47,
        "Name": "ICROCK203C",
        "Type": 58,
        "Scale": 1.0,
        "Transform": [
            [
                -0.26197394728660583,
                -0.9650561213493347,
                0.0,
                0.0
            ],
            [
                0.9650561213493347,
                -0.26197394728660583,
                0.0,
                0.0
            ],
            [
                0.0,
                0.0,
                0.9999999403953552,
                0.0
            ],
            [
                -2443.239990234375,
                -7003.419921875,
                -31.545499801635742,
                1.0
            ]
        ]
    },
    {
        "ID": 48,
        "Name": "ICROCK203C",
        "Type": 58,
        "Scale": 1.0,
        "Transform": [
            [
                0.9285060167312622,
                0.37131717801094055,
                0.0,
                0.0
            ],
            [
                -0.37131717801094055,
                0.9285060167312622,
                0.0,
                0.0
            ],
            [
                0.0,
                0.0,
                0.9999999403953552,
                0.0
            ],
            [
                -2460.7900390625,
                -6989.31982421875,
                17.464399337768555,
                1.0
            ]
        ]
    },
    {
        "ID": 49,
        "Name": "ICROCK205C",
        "Type": 58,
        "Scale": 1.0,
        "Transform": [
            [
                -0.9592437744140625,
                -0.28251969814300537,
                0.0,
                0.0
            ],
            [
                0.28251969814300537,
                -0.9592437744140625,
                0.0,
                0.0
            ],
            [
                0.0,
                0.0,
                0.9999999403953552,
                0.0
            ],
            [
                -2446.52001953125,
                -6983.97021484375,
                -42.59510040283203,
                1.0
            ]
        ]
    },
    {
        "ID": 50,
        "Name": "ICROCK205C",
        "Type": 58,
        "Scale": 1.0,
        "Transform": [
            [
                -0.503749430179596,
                -0.8638479113578796,
                0.0,
                0.0
            ],
            [
                0.8638479113578796,
                -0.503749430179596,
                0.0,
                0.0
            ],
            [
                0.0,
                0.0,
                0.9999999403953552,
                0.0
            ],
            [
                -760.56298828125,
                -8399.3701171875,
                -36.07400131225586,
                1.0
            ]
        ]
    },
    {
        "ID": 51,
        "Name": "ICROCK203C",
        "Type": 58,
        "Scale": 1.0,
        "Transform": [
            [
                0.8795795440673828,
                0.47571367025375366,
                0.0,
                0.0
            ],
            [
                -0.47571367025375366,
                0.8795795440673828,
                0.0,
                0.0
            ],
            [
                0.0,
                0.0,
                0.9999999403953552,
                0.0
            ],
            [
                -802.0089721679688,
                -8436.58984375,
                -41.31340026855469,
                1.0
            ]
        ]
    },
    {
        "ID": 52,
        "Name": "ICROCK205C",
        "Type": 58,
        "Scale": 1.0,
        "Transform": [
            [
                0.9174458980560303,
                0.39781785011291504,
                0.0,
                0.0
            ],
            [
                -0.39781785011291504,
                0.9174458980560303,
                0.0,
                0.0
            ],
            [
                0.0,
                0.0,
                0.9999999403953552,
                0.0
            ],
            [
                -832.4429931640625,
                -8442.8701171875,
                -42.20949935913086,
                1.0
            ]
        ]
    },
    {
        "ID": 53,
        "Name": "ICROCK203C",
        "Type": 58,
        "Scale": 1.0,
        "Transform": [
            [
                -0.9200669527053833,
                -0.3917301297187805,
                0.0,
                0.0
            ],
            [
                0.3917301297187805,
                -0.9200669527053833,
                0.0,
                0.0
            ],
            [
                0.0,
                0.0,
                0.9999999403953552,
                0.0
            ],
            [
                129.98800659179688,
                -6436.10986328125,
                -37.83300018310547,
                1.0
            ]
        ]
    },
    {
        "ID": 56,
        "Name": "ICROCK205C",
        "Type": 58,
        "Scale": 1.0,
        "Transform": [
            [
                -0.7700299024581909,
                -0.6379798054695129,
                0.0,
                0.0
            ],
            [
                0.6379798054695129,
                -0.7700299024581909,
                0.0,
                0.0
            ],
            [
                0.0,
                0.0,
                0.9999999403953552,
                0.0
            ],
            [
                3609.31005859375,
                -2733.2099609375,
                -42.59120178222656,
                1.0
            ]
        ]
    },
    {
        "ID": 57,
        "Name": "ICROCK205C",
        "Type": 58,
        "Scale": 1.0,
        "Transform": [
            [
                -0.9783173203468323,
                0.20711135864257813,
                0.0,
                0.0
            ],
            [
                -0.20711135864257813,
                -0.9783173203468323,
                0.0,
                0.0
            ],
            [
                0.0,
                0.0,
                0.9999999403953552,
                0.0
            ],
            [
                3561.8701171875,
                -2714.5400390625,
                -37.47760009765625,
                1.0
            ]
        ]
    },
    {
        "ID": 58,
        "Name": "ICROCK203C",
        "Type": 58,
        "Scale": 1.0,
        "Transform": [
            [
                0.7432429194450378,
                -0.6689988374710083,
                0.0,
                0.0
            ],
            [
                0.6689988374710083,
                0.7432429194450378,
                0.0,
                0.0
            ],
            [
                0.0,
                0.0,
                0.9999999403953552,
                0.0
            ],
            [
                3511.68994140625,
                -2682.2099609375,
                -40.214298248291016,
                1.0
            ]
        ]
    }
]