[
    {
        "ID": 15,
        "Name": "CRATEG",
        "Type": 53,
        "Scale": 1.0
    },
    {
        "ID": 14,
        "Name": "KURDOOR100",
        "Type": 0,
        "Scale": 1.0,
        "Transform": [
            [
                0.7240877747535706,
                0.6897056698799133,
                0.0,
                0.0
            ],
            [
                -0.6897056698799133,
                0.7240877747535706,
                0.0,
                0.0
            ],
            [
                0.0,
                0.0,
                0.9999999403953552,
                0.0
            ],
            [
                6024.93017578125,
                -6024.72021484375,
                35.095699310302734,
                1.0
            ]
        ]
    },
    {
        "ID": 13,
        "Name": "KURDOOR100",
        "Type": 0,
        "Scale": 1.0,
        "Transform": [
            [
                -0.7139973044395447,
                0.7001309990882874,
                0.0,
                0.0
            ],
            [
                -0.7001309990882874,
                -0.7139973044395447,
                0.0,
                0.0
            ],
            [
                0.0,
                0.0,
                0.9999999403953552,
                0.0
            ],
            [
                6054.240234375,
                -5982.68017578125,
                35.095699310302734,
                1.0
            ]
        ]
    },
    {
        "ID": 12,
        "Name": "KURDOOR100",
        "Type": 0,
        "Scale": 1.0,
        "Transform": [
            [
                0.7218539118766785,
                -0.6920233368873596,
                0.0,
                0.0
            ],
            [
                0.6920233368873596,
                0.7218539118766785,
                0.0,
                0.0
            ],
            [
                0.0,
                0.0,
                0.9999999403953552,
                0.0
            ],
            [
                6233.93017578125,
                -6008.02978515625,
                35.095699310302734,
                1.0
            ]
        ]
    },
    {
        "ID": 11,
        "Name": "KURDOOR100",
        "Type": 0,
        "Scale": 1.0,
        "Transform": [
            [
                -0.6953809261322021,
                -0.7186176776885986,
                0.0,
                0.0
            ],
            [
                0.7186176776885986,
                -0.6953809261322021,
                0.0,
                0.0
            ],
            [
                0.0,
                0.0,
                0.9999999403953552,
                0.0
            ],
            [
                6263.91015625,
                -6012.06005859375,
                35.095699310302734,
                1.0
            ]
        ]
    },
    {
        "ID": 10,
        "Name": "KURDOOR100",
        "Type": 0,
        "Scale": 1.0,
        "Transform": [
            [
                -0.7013533115386963,
                -0.7127898931503296,
                0.0,
                0.0
            ],
            [
                0.7127898931503296,
                -0.7013533115386963,
                0.0,
                0.0
            ],
            [
                0.0,
                0.0,
                0.9999999403953552,
                0.0
            ],
            [
                6366.58984375,
                -6200.64013671875,
                35.095699310302734,
                1.0
            ]
        ]
    },
    {
        "ID": 9,
        "Name": "KURDOOR100",
        "Type": 0,
        "Scale": 1.0,
        "Transform": [
            [
                0.694674015045166,
                0.7192990779876709,
                0.0,
                0.0
            ],
            [
                -0.7192990779876709,
                0.694674015045166,
                0.0,
                0.0
            ],
            [
                0.0,
                0.0,
                0.9999999403953552,
                0.0
            ],
            [
                6265.06005859375,
                -6273.759765625,
                35.095699310302734,
                1.0
            ]
        ]
    },
    {
        "ID": 8,
        "Name": "KURDOOR100",
        "Type": 0,
        "Scale": 1.0,
        "Transform": [
            [
                -0.7086504101753235,
                0.7055439352989197,
                0.0,
                0.0
            ],
            [
                -0.7055439352989197,
                -0.7086504101753235,
                0.0,
                0.0
            ],
            [
                0.0,
                0.0,
                0.9999999403953552,
                0.0
            ],
            [
                6464.81982421875,
                -6392.9501953125,
                35.095699310302734,
                1.0
            ]
        ]
    },
    {
        "ID": 7,
        "Name": "KURDOOR100",
        "Type": 0,
        "Scale": 1.0,
        "Transform": [
            [
                0.7058922648429871,
                0.7083062529563904,
                0.0,
                0.0
            ],
            [
                -0.7083062529563904,
                0.7058922648429871,
                0.0,
                0.0
            ],
            [
                0.0,
                0.0,
                0.9999999403953552,
                0.0
            ],
            [
                6389.47998046875,
                -6385.52978515625,
                35.095699310302734,
                1.0
            ]
        ]
    },
    {
        "ID": 2,
        "Name": "KURDOOR100",
        "Type": 0,
        "Scale": 1.0,
        "Transform": [
            [
                0.6624157428741455,
                -0.7491363286972046,
                0.0,
                0.0
            ],
            [
                0.7491363286972046,
                0.6624157428741455,
                0.0,
                0.0
            ],
            [
                0.0,
                0.0,
                0.9999999403953552,
                0.0
            ],
            [
                6163.14990234375,
                -6488.25,
                35.095699310302734,
                1.0
            ]
        ]
    },
    {
        "ID": 1,
        "Name": "GMSPIN",
        "Type": 156,
        "Scale": 1.0,
        "Transform": [
            [
                -0.34652790427207947,
                0.9380285739898682,
                0.0,
                0.0
            ],
            [
                -0.9380285739898682,
                -0.34652790427207947,
                0.0,
                0.0
            ],
            [
                0.0,
                0.0,
                0.9999999403953552,
                0.0
            ],
            [
                -2541.02001953125,
                -2992.360107421875,
                330.8089904785156,
                1.0
            ]
        ]
    },
    {
        "ID": 3,
        "Name": "KURDOOR100",
        "Type": 0,
        "Scale": 1.0,
        "Transform": [
            [
                -0.7065916657447815,
                -0.7076154351234436,
                0.0,
                0.0
            ],
            [
                0.7076154351234436,
                -0.7065916657447815,
                0.0,
                0.0
            ],
            [
                0.0,
                0.0,
                0.9999999403953552,
                0.0
            ],
            [
                6161.33984375,
                -6463.3798828125,
                35.095699310302734,
                1.0
            ]
        ]
    },
    {
        "ID": 4,
        "Name": "KURDOOR100",
        "Type": 0,
        "Scale": 1.0,
        "Transform": [
            [
                -0.7237446308135986,
                -0.6900616884231567,
                0.0,
                0.0
            ],
            [
                0.6900616884231567,
                -0.7237446308135986,
                0.0,
                0.0
            ],
            [
                0.0,
                0.0,
                0.9999999403953552,
                0.0
            ],
            [
                6126.56982421875,
                -6383.52001953125,
                35.0973014831543,
                1.0
            ]
        ]
    },
    {
        "ID": 5,
        "Name": "KURDOOR100",
        "Type": 0,
        "Scale": 1.0,
        "Transform": [
            [
                -0.6930835843086243,
                -0.7208319902420044,
                0.0,
                0.0
            ],
            [
                0.7208319902420044,
                -0.6930835843086243,
                0.0,
                0.0
            ],
            [
                0.0,
                0.0,
                0.9999999403953552,
                0.0
            ],
            [
                6015.0400390625,
                -6259.06005859375,
                35.095699310302734,
                1.0
            ]
        ]
    },
    {
        "ID": 6,
        "Name": "KURDOOR100",
        "Type": 0,
        "Scale": 1.0,
        "Transform": [
            [
                0.7309644222259521,
                -0.6823976635932922,
                0.0,
                0.0
            ],
            [
                0.6823976635932922,
                0.7309644222259521,
                0.0,
                0.0
            ],
            [
                0.0,
                0.0,
                0.9999999403953552,
                0.0
            ],
            [
                5887.02978515625,
                -6212.25,
                35.095699310302734,
                1.0
            ]
        ]
    }
]