[
    {
        "ID": 26,
        "Name": "CAMPFIRE",
        "Type": 58,
        "Scale": 1.0,
        "Transform": [
            [
                0.9906712770462036,
                0.13620874285697937,
                0.0,
                0.0
            ],
            [
                -0.13620874285697937,
                0.9906712770462036,
                0.0,
                0.0
            ],
            [
                0.0,
                0.0,
                0.9999999403953552,
                0.0
            ],
            [
                -468.1910095214844,
                758.8389892578125,
                -8.748000144958496,
                1.0
            ]
        ]
    },
    {
        "ID": 25,
        "Name": "DEDPINE1",
        "Type": 58,
        "Scale": 1.0,
        "Transform": [
            [
                0.3886089324951172,
                -0.9213823080062866,
                0.0,
                0.0
            ],
            [
                0.9213823080062866,
                0.3886089324951172,
                0.0,
                0.0
            ],
            [
                0.0,
                0.0,
                0.9999999403953552,
                0.0
            ],
            [
                -1122.0,
                425.8349914550781,
                -8.631279945373535,
                1.0
            ]
        ]
    },
    {
        "ID": 24,
        "Name": "MONU6",
        "Type": 58,
        "Scale": 1.0,
        "Transform": [
            [
                -0.9928877353668213,
                0.1189248189330101,
                0.0,
                0.0
            ],
            [
                -0.1189248189330101,
                -0.9928877353668213,
                0.0,
                0.0
            ],
            [
                0.0,
                0.0,
                0.9999999403953552,
                0.0
            ],
            [
                -1061.949951171875,
                484.40399169921875,
                -8.665220260620117,
                1.0
            ]
        ]
    },
    {
        "ID": 23,
        "Name": "DEDPINE1",
        "Type": 58,
        "Scale": 1.0,
        "Transform": [
            [
                -0.9156171679496765,
                0.4020127058029175,
                0.0,
                0.0
            ],
            [
                -0.4020127058029175,
                -0.9156171679496765,
                0.0,
                0.0
            ],
            [
                0.0,
                0.0,
                0.9999999403953552,
                0.0
            ],
            [
                -1057.6700439453125,
                519.10498046875,
                -8.436619758605957,
                1.0
            ]
        ]
    },
    {
        "ID": 12,
        "Name": "ORCTENT",
        "Type": 58,
        "Scale": 1.0,
        "Transform": [
            [
                0.7337770462036133,
                -0.6792657971382141,
                0.012271537445485592,
                0.0
            ],
            [
                0.6793169379234314,
                0.7338322997093201,
                0.0,
                0.0
            ],
            [
                -0.009005250409245491,
                0.0083362627774477,
                0.9999246597290039,
                0.0
            ],
            [
                -517.9910278320313,
                800.7760009765625,
                -10.63599967956543,
                1.0
            ]
        ]
    },
    {
        "ID": 10,
        "Name": "MONU6",
        "Type": 58,
        "Scale": 1.0,
        "Transform": [
            [
                -0.146454319357872,
                -0.9873148798942566,
                -0.06132073327898979,
                0.0
            ],
            [
                -0.9891764521598816,
                0.1467304527759552,
                0.0,
                0.0
            ],
            [
                0.008997619152069092,
                0.06065702810883522,
                -0.9981180429458618,
                0.0
            ],
            [
                2240.0400390625,
                1228.5999755859375,
                14.731900215148926,
                1.0
            ]
        ]
    },
    {
        "ID": 9,
        "Name": "MONU1",
        "Type": 58,
        "Scale": 1.0,
        "Transform": [
            [
                -0.9129895567893982,
                -0.40794888138771057,
                0.0,
                0.0
            ],
            [
                0.40794888138771057,
                -0.9129895567893982,
                0.0,
                0.0
            ],
            [
                0.0,
                0.0,
                0.9999999403953552,
                0.0
            ],
            [
                1965.25,
                1049.3299560546875,
                -37.142398834228516,
                1.0
            ]
        ]
    },
    {
        "ID": 8,
        "Name": "MONU1",
        "Type": 58,
        "Scale": 1.0,
        "Transform": [
            [
                -0.06154118478298187,
                -0.9981030821800232,
                0.0,
                0.0
            ],
            [
                0.9981030821800232,
                -0.06154118478298187,
                0.0,
                0.0
            ],
            [
                0.0,
                0.0,
                0.9999999403953552,
                0.0
            ],
            [
                2540.699951171875,
                689.301025390625,
                -40.577999114990234,
                1.0
            ]
        ]
    },
    {
        "ID": 6,
        "Name": "MONU1",
        "Type": 58,
        "Scale": 1.0,
        "Transform": [
            [
                -0.9954869151115417,
                0.09474214911460876,
                0.0,
                0.0
            ],
            [
                -0.09474214911460876,
                -0.9954869151115417,
                0.0,
                0.0
            ],
            [
                0.0,
                0.0,
                0.9999999403953552,
                0.0
            ],
            [
                1660.6800537109375,
                1282.3399658203125,
                -1.109910011291504,
                1.0
            ]
        ]
    },
    {
        "ID": 7,
        "Name": "MONU1",
        "Type": 58,
        "Scale": 1.0,
        "Transform": [
            [
                0.190619558095932,
                -0.9816460013389587,
                0.0,
                0.0
            ],
            [
                0.9816460013389587,
                0.190619558095932,
                0.0,
                0.0
            ],
            [
                0.0,
                0.0,
                0.9999999403953552,
                0.0
            ],
            [
                2121.570068359375,
                808.208984375,
                -9.102950096130371,
                1.0
            ]
        ]
    },
    {
        "ID": 13,
        "Name": "ORCTENT",
        "Type": 58,
        "Scale": 1.0,
        "Transform": [
            [
                0.534554123878479,
                0.8451305031776428,
                0.0,
                0.0
            ],
            [
                -0.8451305031776428,
                0.534554123878479,
                0.0,
                0.0
            ],
            [
                0.0,
                0.0,
                0.9999999403953552,
                0.0
            ],
            [
                -494.239990234375,
                705.552978515625,
                -8.748000144958496,
                1.0
            ]
        ]
    },
    {
        "ID": 14,
        "Name": "ORCFLAG2",
        "Type": 58,
        "Scale": 1.0,
        "Transform": [
            [
                0.9999701380729675,
                0.004851662553846836,
                0.0,
                0.0
            ],
            [
                -0.004851662553846836,
                0.9999701380729675,
                0.0,
                0.0
            ],
            [
                0.0,
                0.0,
                0.9999999403953552,
                0.0
            ],
            [
                -461.27398681640625,
                810.2440185546875,
                -9.1387300491333,
                1.0
            ]
        ]
    },
    {
        "ID": 15,
        "Name": "ORCTENT",
        "Type": 58,
        "Scale": 1.0,
        "Transform": [
            [
                0.16745176911354065,
                0.9858644604682922,
                0.0,
                0.0
            ],
            [
                -0.9858644604682922,
                0.16745176911354065,
                0.0,
                0.0
            ],
            [
                0.0,
                0.0,
                0.9999999403953552,
                0.0
            ],
            [
                -186.5240020751953,
                -580.8489990234375,
                -8.998000144958496,
                1.0
            ]
        ]
    },
    {
        "ID": 16,
        "Name": "ORCTENT",
        "Type": 58,
        "Scale": 1.0,
        "Transform": [
            [
                -0.7533985376358032,
                0.6575354337692261,
                0.0,
                0.0
            ],
            [
                -0.6575354337692261,
                -0.7533985376358032,
                0.0,
                0.0
            ],
            [
                0.0,
                0.0,
                0.9999999403953552,
                0.0
            ],
            [
                -115.05999755859375,
                -521.3939819335938,
                -8.439149856567383,
                1.0
            ]
        ]
    },
    {
        "ID": 17,
        "Name": "ORCTENT",
        "Type": 58,
        "Scale": 1.0,
        "Transform": [
            [
                -0.9919590950012207,
                0.1264267861843109,
                0.0,
                0.0
            ],
            [
                -0.1264267861843109,
                -0.9919590950012207,
                0.0,
                0.0
            ],
            [
                0.0,
                0.0,
                0.9999999403953552,
                0.0
            ],
            [
                -66.58200073242188,
                -449.364013671875,
                -8.263420104980469,
                1.0
            ]
        ]
    },
    {
        "ID": 18,
        "Name": "ORCFLAG2",
        "Type": 58,
        "Scale": 1.0,
        "Transform": [
            [
                -0.6933928728103638,
                0.7205339074134827,
                0.0,
                0.0
            ],
            [
                -0.7205339074134827,
                -0.6933928728103638,
                0.0,
                0.0
            ],
            [
                0.0,
                0.0,
                0.9999999403953552,
                0.0
            ],
            [
                -143.13800048828125,
                -535.093994140625,
                -8.712550163269043,
                1.0
            ]
        ]
    },
    {
        "ID": 19,
        "Name": "ORCFLAG2",
        "Type": 58,
        "Scale": 1.0,
        "Transform": [
            [
                -0.9949214458465576,
                0.10053129494190216,
                0.0,
                0.0
            ],
            [
                -0.10053129494190216,
                -0.9949214458465576,
                0.0,
                0.0
            ],
            [
                0.0,
                0.0,
                0.9999999403953552,
                0.0
            ],
            [
                -78.88390350341797,
                -410.07000732421875,
                -8.748000144958496,
                1.0
            ]
        ]
    },
    {
        "ID": 20,
        "Name": "ORCFLAG2",
        "Type": 58,
        "Scale": 1.0,
        "Transform": [
            [
                0.29108166694641113,
                0.9566931128501892,
                0.0,
                0.0
            ],
            [
                -0.9566931128501892,
                0.29108166694641113,
                0.0,
                0.0
            ],
            [
                0.0,
                0.0,
                0.9999999403953552,
                0.0
            ],
            [
                -221.1820068359375,
                -557.2589721679688,
                -8.748000144958496,
                1.0
            ]
        ]
    },
    {
        "ID": 21,
        "Name": "CAMPFIRE",
        "Type": 58,
        "Scale": 1.0,
        "Transform": [
            [
                -0.6456155776977539,
                0.7636471390724182,
                0.0,
                0.0
            ],
            [
                -0.7636471390724182,
                -0.6456155776977539,
                0.0,
                0.0
            ],
            [
                0.0,
                0.0,
                0.9999999403953552,
                0.0
            ],
            [
                -174.63499450683594,
                -465.22698974609375,
                -8.748000144958496,
                1.0
            ]
        ]
    },
    {
        "ID": 22,
        "Name": "DEDPINE",
        "Type": 58,
        "Scale": 1.0,
        "Transform": [
            [
                -0.9808107018470764,
                0.19495773315429688,
                0.0,
                0.0
            ],
            [
                -0.19495773315429688,
                -0.9808107018470764,
                0.0,
                0.0
            ],
            [
                0.0,
                0.0,
                0.9999999403953552,
                0.0
            ],
            [
                -1067.3900146484375,
                446.65899658203125,
                -8.748000144958496,
                1.0
            ]
        ]
    }
]