[
    {
        "ID": 6,
        "Name": "DOOR1",
        "Type": 0,
        "Scale": 1.0,
        "Transform": [
            [
                0.5939270257949829,
                -0.8045049905776978,
                0.0,
                0.0
            ],
            [
                0.8045049905776978,
                0.5939270257949829,
                0.0,
                0.0
            ],
            [
                0.0,
                0.0,
                0.9999999403953552,
                0.0
            ],
            [
                123.84100341796875,
                1406.9100341796875,
                -2.386090040206909,
                1.0
            ]
        ]
    },
    {
        "ID": 3,
        "Name": "DOOR5",
        "Type": 0,
        "Scale": 1.0,
        "Transform": [
            [
                0.9027120471000671,
                0.4302130341529846,
                0.0,
                0.0
            ],
            [
                -0.4302130341529846,
                0.9027120471000671,
                0.0,
                0.0
            ],
            [
                0.0,
                0.0,
                0.9999999403953552,
                0.0
            ],
            [
                -1340.530029296875,
                -2070.659912109375,
                -9.369799613952637,
                1.0
            ]
        ]
    },
    {
        "ID": 1,
        "Name": "DOOR5",
        "Type": 0,
        "Scale": 1.0,
        "Transform": [
            [
                0.0,
                -0.9999999403953552,
                0.0,
                0.0
            ],
            [
                0.9999999403953552,
                0.0,
                0.0,
                0.0
            ],
            [
                0.0,
                0.0,
                0.9999999403953552,
                0.0
            ],
            [
                -2167.610107421875,
                1977.3199462890625,
                -7.486839771270752,
                1.0
            ]
        ]
    },
    {
        "ID": 2,
        "Name": "DOOR5",
        "Type": 0,
        "Scale": 1.0,
        "Transform": [
            [
                -0.4973669946193695,
                0.867518961429596,
                0.0,
                0.0
            ],
            [
                -0.867518961429596,
                -0.4973669946193695,
                0.0,
                0.0
            ],
            [
                0.0,
                0.0,
                0.9999999403953552,
                0.0
            ],
            [
                -3747.25,
                -993.2109985351563,
                4.881810188293457,
                1.0
            ]
        ]
    }
]