[
    {
        "ID": 13,
        "Name": "BARREL3",
        "Type": 0,
        "Scale": 1.0,
        "Transform": [
            [
                0.8396829962730408,
                0.5430528521537781,
                0.0,
                0.0
            ],
            [
                -0.5430528521537781,
                0.8396829962730408,
                0.0,
                0.0
            ],
            [
                0.0,
                0.0,
                0.9999999403953552,
                0.0
            ],
            [
                368.47100830078125,
                1101.47998046875,
                -7.6954498291015625,
                1.0
            ]
        ]
    },
    {
        "ID": 12,
        "Name": "TORCH1",
        "Type": 0,
        "Scale": 1.0,
        "Transform": [
            [
                -0.795836865901947,
                -0.6055110096931458,
                0.0,
                0.0
            ],
            [
                0.6055110096931458,
                -0.795836865901947,
                0.0,
                0.0
            ],
            [
                0.0,
                0.0,
                0.9999999403953552,
                0.0
            ],
            [
                351.99700927734375,
                1112.5,
                0.30624398589134216,
                1.0
            ]
        ]
    },
    {
        "ID": 11,
        "Name": "CAMPFIRE",
        "Type": 0,
        "Scale": 1.0,
        "Transform": [
            [
                0.7980495095252991,
                0.6025654673576355,
                0.0,
                0.0
            ],
            [
                -0.6025654673576355,
                0.7980495095252991,
                0.0,
                0.0
            ],
            [
                0.0,
                0.0,
                0.9999999403953552,
                0.0
            ],
            [
                346.4129943847656,
                1096.6600341796875,
                -7.636519908905029,
                1.0
            ]
        ]
    },
    {
        "ID": 3,
        "Name": "SHAK",
        "Type": 0,
        "Scale": 1.0,
        "Transform": [
            [
                -0.24368147552013397,
                0.9698508977890015,
                0.0,
                0.0
            ],
            [
                -0.9698508977890015,
                -0.24368147552013397,
                0.0,
                0.0
            ],
            [
                0.0,
                0.0,
                0.9999999403953552,
                0.0
            ],
            [
                350.2170104980469,
                -1125.4599609375,
                -7.637849807739258,
                1.0
            ]
        ]
    },
    {
        "ID": 1,
        "Name": "SHAK",
        "Type": 0,
        "Scale": 1.0,
        "Transform": [
            [
                -0.7409510612487793,
                -0.6715589165687561,
                0.0,
                0.0
            ],
            [
                0.6715589165687561,
                -0.7409510612487793,
                0.0,
                0.0
            ],
            [
                0.0,
                0.0,
                0.9999999403953552,
                0.0
            ],
            [
                366.6189880371094,
                1116.8399658203125,
                -7.623000144958496,
                1.0
            ]
        ]
    },
    {
        "ID": 4,
        "Name": "DOOR1",
        "Type": 0,
        "Scale": 1.0,
        "Transform": [
            [
                0.9997619986534119,
                0.021105345338582993,
                0.0,
                0.0
            ],
            [
                -0.021105345338582993,
                0.9997619986534119,
                0.0,
                0.0
            ],
            [
                0.0,
                0.0,
                0.9999999403953552,
                0.0
            ],
            [
                1367.0899658203125,
                294.5920104980469,
                4.9743499755859375,
                1.0
            ]
        ]
    },
    {
        "ID": 8,
        "Name": "CAMPFIRE",
        "Type": 0,
        "Scale": 1.0,
        "Transform": [
            [
                0.18977594375610352,
                -0.9818084239959717,
                0.0,
                0.0
            ],
            [
                0.9818084239959717,
                0.18977594375610352,
                0.0,
                0.0
            ],
            [
                0.0,
                0.0,
                0.9999999403953552,
                0.0
            ],
            [
                341.81298828125,
                -1092.7099609375,
                -7.632719993591309,
                1.0
            ]
        ]
    },
    {
        "ID": 9,
        "Name": "TORCH1",
        "Type": 0,
        "Scale": 1.0,
        "Transform": [
            [
                -0.2785196602344513,
                0.9604304432868958,
                0.0,
                0.0
            ],
            [
                -0.9604304432868958,
                -0.2785196602344513,
                0.0,
                0.0
            ],
            [
                0.0,
                0.0,
                0.9999999403953552,
                0.0
            ],
            [
                353.0,
                -1111.0,
                0.8374580144882202,
                1.0
            ]
        ]
    },
    {
        "ID": 10,
        "Name": "BARREL3",
        "Type": 0,
        "Scale": 1.0,
        "Transform": [
            [
                -0.4101753830909729,
                -0.911986231803894,
                0.0,
                0.0
            ],
            [
                0.911986231803894,
                -0.4101753830909729,
                0.0,
                0.0
            ],
            [
                0.0,
                0.0,
                0.9999999403953552,
                0.0
            ],
            [
                339.98199462890625,
                -1114.5699462890625,
                -7.630640029907227,
                1.0
            ]
        ]
    }
]