[
    {
        "ID": 49,
        "Name": "FIRPOLE200",
        "Type": 58,
        "Scale": 1.0,
        "Transform": [
            [
                0.0,
                0.0,
                -0.9999999403953552,
                0.0
            ],
            [
                -0.6730056405067444,
                -0.739623486995697,
                0.0,
                0.0
            ],
            [
                -0.739623486995697,
                0.6730056405067444,
                0.0,
                0.0
            ],
            [
                6018.02978515625,
                3480.3701171875,
                -4.793600082397461,
                1.0
            ]
        ]
    },
    {
        "ID": 48,
        "Name": "KALBRAZ",
        "Type": 58,
        "Scale": 1.0,
        "Transform": [
            [
                -0.9999999403953552,
                0.0,
                0.0,
                0.0
            ],
            [
                0.0,
                -0.9999999403953552,
                0.0,
                0.0
            ],
            [
                0.0,
                0.0,
                0.9999999403953552,
                0.0
            ],
            [
                -12299.0,
                4439.0,
                -282.68499755859375,
                1.0
            ]
        ]
    },
    {
        "ID": 47,
        "Name": "AKALIGHT1",
        "Type": 58,
        "Scale": 1.0,
        "Transform": [
            [
                0.03680722042918205,
                0.9993222951889038,
                0.0,
                0.0
            ],
            [
                -0.9993222951889038,
                0.03680722042918205,
                0.0,
                0.0
            ],
            [
                0.0,
                0.0,
                0.9999999403953552,
                0.0
            ],
            [
                -12257.0,
                4437.0,
                -282.68499755859375,
                1.0
            ]
        ]
    },
    {
        "ID": 46,
        "Name": "TIKI",
        "Type": 58,
        "Scale": 1.0,
        "Transform": [
            [
                0.012271537445485592,
                0.9999246597290039,
                0.0,
                0.0
            ],
            [
                -0.9999246597290039,
                0.012271537445485592,
                0.0,
                0.0
            ],
            [
                0.0,
                0.0,
                0.9999999403953552,
                0.0
            ],
            [
                -12220.0,
                4436.0,
                -282.93499755859375,
                1.0
            ]
        ]
    },
    {
        "ID": 45,
        "Name": "CAMPFIRE",
        "Type": 58,
        "Scale": 1.0,
        "Transform": [
            [
                0.9963125586509705,
                -0.08579730242490768,
                0.0,
                0.0
            ],
            [
                0.08579730242490768,
                0.9963125586509705,
                0.0,
                0.0
            ],
            [
                0.0,
                0.0,
                0.9999999403953552,
                0.0
            ],
            [
                -12193.0,
                4415.0,
                -282.93499755859375,
                1.0
            ]
        ]
    },
    {
        "ID": 44,
        "Name": "OGBRAZIER",
        "Type": 58,
        "Scale": 1.0,
        "Transform": [
            [
                0.9999999403953552,
                0.0,
                0.0,
                0.0
            ],
            [
                0.0,
                0.9999999403953552,
                0.0,
                0.0
            ],
            [
                0.0,
                0.0,
                0.9999999403953552,
                0.0
            ],
            [
                -12190.0,
                4373.0,
                -282.68499755859375,
                1.0
            ]
        ]
    },
    {
        "ID": 43,
        "Name": "ERBRAZIER",
        "Type": 58,
        "Scale": 1.0,
        "Transform": [
            [
                0.5245895981788635,
                0.8513551354408264,
                0.0,
                0.0
            ],
            [
                -0.8513551354408264,
                0.5245895981788635,
                0.0,
                0.0
            ],
            [
                0.0,
                0.0,
                0.9999999403953552,
                0.0
            ],
            [
                -12189.0,
                4330.0,
                -282.68499755859375,
                1.0
            ]
        ]
    },
    {
        "ID": 42,
        "Name": "NERBRAZIER",
        "Type": 58,
        "Scale": 1.0,
        "Transform": [
            [
                0.887639582157135,
                -0.46053868532180786,
                0.0,
                0.0
            ],
            [
                0.46053868532180786,
                0.887639582157135,
                0.0,
                0.0
            ],
            [
                0.0,
                0.0,
                0.9999999403953552,
                0.0
            ],
            [
                -12204.0,
                4301.0,
                -282.68499755859375,
                1.0
            ]
        ]
    },
    {
        "ID": 41,
        "Name": "KELBRAZ",
        "Type": 58,
        "Scale": 1.0,
        "Transform": [
            [
                -0.024541227146983147,
                -0.9996987581253052,
                0.0,
                0.0
            ],
            [
                0.9996987581253052,
                -0.024541227146983147,
                0.0,
                0.0
            ],
            [
                0.0,
                0.0,
                0.9999999403953552,
                0.0
            ],
            [
                -12249.7998046875,
                4302.0,
                -282.93499755859375,
                1.0
            ]
        ]
    },
    {
        "ID": 40,
        "Name": "FAYBRAZIER",
        "Type": 58,
        "Scale": 1.0,
        "Transform": [
            [
                0.8513551354408264,
                -0.5245895981788635,
                0.0,
                0.0
            ],
            [
                0.5245895981788635,
                0.8513551354408264,
                0.0,
                0.0
            ],
            [
                0.0,
                0.0,
                0.9999999403953552,
                0.0
            ],
            [
                -12296.0,
                4301.75,
                -282.68499755859375,
                1.0
            ]
        ]
    },
    {
        "ID": 39,
        "Name": "SACBOWLFIRE",
        "Type": 58,
        "Scale": 1.0,
        "Transform": [
            [
                0.0,
                -0.9999999403953552,
                0.0,
                0.0
            ],
            [
                0.9999999403953552,
                0.0,
                0.0,
                0.0
            ],
            [
                0.0,
                0.0,
                0.9999999403953552,
                0.0
            ],
            [
                -12320.5,
                4324.5,
                -277.93499755859375,
                1.0
            ]
        ]
    },
    {
        "ID": 17,
        "Name": "FIRPOLE100",
        "Type": 55,
        "Scale": 1.0,
        "Transform": [
            [
                0.6583534479141235,
                0.7526841163635254,
                0.0,
                0.0
            ],
            [
                -0.7526841163635254,
                0.6583534479141235,
                0.0,
                0.0
            ],
            [
                0.0,
                0.0,
                0.9999999403953552,
                0.0
            ],
            [
                5912.2001953125,
                3567.85009765625,
                -52.351600646972656,
                1.0
            ]
        ]
    },
    {
        "ID": 16,
        "Name": "FIRPOLE100",
        "Type": 55,
        "Scale": 1.0,
        "Transform": [
            [
                -0.6742714047431946,
                -0.7384620904922485,
                0.0,
                0.0
            ],
            [
                0.7384620904922485,
                -0.6742714047431946,
                0.0,
                0.0
            ],
            [
                0.0,
                0.0,
                0.9999999403953552,
                0.0
            ],
            [
                5922.8701171875,
                3578.2099609375,
                -52.368900299072266,
                1.0
            ]
        ]
    },
    {
        "ID": 15,
        "Name": "FIRPOLE200",
        "Type": 58,
        "Scale": 1.0,
        "Transform": [
            [
                0.0,
                0.0,
                -0.9999999403953552,
                0.0
            ],
            [
                0.6708275675773621,
                0.7416057586669922,
                0.0,
                0.0
            ],
            [
                0.7416057586669922,
                -0.6708275675773621,
                0.0,
                0.0
            ],
            [
                5906.5,
                3576.989990234375,
                -4.450530052185059,
                1.0
            ]
        ]
    },
    {
        "ID": 14,
        "Name": "FIRPOLE200",
        "Type": 58,
        "Scale": 1.0,
        "Transform": [
            [
                0.0,
                0.0,
                0.9999999403953552,
                0.0
            ],
            [
                -0.6679016947746277,
                -0.7442250847816467,
                0.0,
                0.0
            ],
            [
                0.7442250847816467,
                -0.6679016947746277,
                0.0,
                0.0
            ],
            [
                5908.7998046875,
                3581.1298828125,
                -2.53794002532959,
                1.0
            ]
        ]
    },
    {
        "ID": 13,
        "Name": "FIRPOLE200",
        "Type": 58,
        "Scale": 1.0,
        "Transform": [
            [
                0.0,
                0.0,
                -0.9999999403953552,
                0.0
            ],
            [
                0.6715589165687561,
                0.7409510612487793,
                0.0,
                0.0
            ],
            [
                0.7409510612487793,
                -0.6715589165687561,
                0.0,
                0.0
            ],
            [
                5912.4501953125,
                3583.800048828125,
                -4.475379943847656,
                1.0
            ]
        ]
    },
    {
        "ID": 12,
        "Name": "FIRPOLE100",
        "Type": 55,
        "Scale": 1.0,
        "Transform": [
            [
                0.6946616172790527,
                0.719310998916626,
                0.0,
                0.0
            ],
            [
                -0.719310998916626,
                0.6946616172790527,
                0.0,
                0.0
            ],
            [
                0.0,
                0.0,
                0.9999999403953552,
                0.0
            ],
            [
                5938.080078125,
                3543.909912109375,
                -52.64569854736328,
                1.0
            ]
        ]
    },
    {
        "ID": 11,
        "Name": "FIRPOLE100",
        "Type": 55,
        "Scale": 1.0,
        "Transform": [
            [
                -0.6647930145263672,
                -0.7470080256462097,
                0.0,
                0.0
            ],
            [
                0.7470080256462097,
                -0.6647930145263672,
                0.0,
                0.0
            ],
            [
                0.0,
                0.0,
                0.9999999403953552,
                0.0
            ],
            [
                5948.669921875,
                3555.10009765625,
                -52.61330032348633,
                1.0
            ]
        ]
    },
    {
        "ID": 10,
        "Name": "FIRPOLE200",
        "Type": 58,
        "Scale": 1.0,
        "Transform": [
            [
                0.0,
                0.0,
                0.9999999403953552,
                0.0
            ],
            [
                -0.6730056405067444,
                -0.739623486995697,
                0.0,
                0.0
            ],
            [
                0.739623486995697,
                -0.6730056405067444,
                0.0,
                0.0
            ],
            [
                5940.43994140625,
                3546.14990234375,
                -2.808609962463379,
                1.0
            ]
        ]
    },
    {
        "ID": 9,
        "Name": "FIRPOLE200",
        "Type": 58,
        "Scale": 1.0,
        "Transform": [
            [
                0.0,
                0.0,
                0.9999999403953552,
                0.0
            ],
            [
                -0.6730056405067444,
                -0.739623486995697,
                0.0,
                0.0
            ],
            [
                0.739623486995697,
                -0.6730056405067444,
                0.0,
                0.0
            ],
            [
                5943.7900390625,
                3549.449951171875,
                -2.8024299144744873,
                1.0
            ]
        ]
    },
    {
        "ID": 7,
        "Name": "FIRPOLE200",
        "Type": 58,
        "Scale": 1.0,
        "Transform": [
            [
                0.0,
                0.0,
                0.9999999403953552,
                0.0
            ],
            [
                -0.6730056405067444,
                -0.739623486995697,
                0.0,
                0.0
            ],
            [
                0.739623486995697,
                -0.6730056405067444,
                0.0,
                0.0
            ],
            [
                5946.669921875,
                3552.739990234375,
                -2.319740056991577,
                1.0
            ]
        ]
    },
    {
        "ID": 2,
        "Name": "FIRPOLE200",
        "Type": 58,
        "Scale": 1.0,
        "Transform": [
            [
                0.0,
                0.0,
                -0.9999999403953552,
                0.0
            ],
            [
                -0.6789734363555908,
                -0.7341475486755371,
                0.0,
                0.0
            ],
            [
                -0.7341475486755371,
                0.6789734363555908,
                0.0,
                0.0
            ],
            [
                6021.10009765625,
                3483.64990234375,
                -4.861080169677734,
                1.0
            ]
        ]
    },
    {
        "ID": 1,
        "Name": "FIRPOLE200",
        "Type": 58,
        "Scale": 1.0,
        "Transform": [
            [
                0.0,
                0.0,
                -0.9999999403953552,
                0.0
            ],
            [
                -0.6728247404098511,
                -0.7397894859313965,
                0.0,
                0.0
            ],
            [
                -0.7397894859313965,
                0.6728247404098511,
                0.0,
                0.0
            ],
            [
                6014.85986328125,
                3477.25,
                -4.668829917907715,
                1.0
            ]
        ]
    },
    {
        "ID": 3,
        "Name": "FIRPOLE100",
        "Type": 55,
        "Scale": 1.0,
        "Transform": [
            [
                -0.6490625739097595,
                -0.7607104778289795,
                0.0,
                0.0
            ],
            [
                0.7607104778289795,
                -0.6490625739097595,
                0.0,
                0.0
            ],
            [
                0.0,
                0.0,
                0.9999999403953552,
                0.0
            ],
            [
                6019.240234375,
                3489.110107421875,
                -51.55619812011719,
                1.0
            ]
        ]
    },
    {
        "ID": 4,
        "Name": "FIRPOLE100",
        "Type": 55,
        "Scale": 1.0,
        "Transform": [
            [
                0.6879348754882813,
                0.7257569432258606,
                0.0,
                0.0
            ],
            [
                -0.7257569432258606,
                0.6879348754882813,
                0.0,
                0.0
            ],
            [
                0.0,
                0.0,
                0.9999999403953552,
                0.0
            ],
            [
                6009.169921875,
                3478.800048828125,
                -51.68109893798828,
                1.0
            ]
        ]
    },
    {
        "ID": 5,
        "Name": "FIRPOLE100",
        "Type": 55,
        "Scale": 1.0,
        "Transform": [
            [
                0.7484815716743469,
                -0.6631470322608948,
                0.0,
                0.0
            ],
            [
                0.6631470322608948,
                0.7484815716743469,
                0.0,
                0.0
            ],
            [
                0.0,
                0.0,
                0.9999999403953552,
                0.0
            ],
            [
                5973.18017578125,
                3510.47998046875,
                -51.70500183105469,
                1.0
            ]
        ]
    },
    {
        "ID": 6,
        "Name": "FIRPOLE100",
        "Type": 55,
        "Scale": 1.0,
        "Transform": [
            [
                -0.6579790115356445,
                -0.753011167049408,
                0.0,
                0.0
            ],
            [
                0.753011167049408,
                -0.6579790115356445,
                0.0,
                0.0
            ],
            [
                0.0,
                0.0,
                0.9999999403953552,
                0.0
            ],
            [
                5983.3798828125,
                3523.219970703125,
                -51.78129959106445,
                1.0
            ]
        ]
    },
    {
        "ID": 18,
        "Name": "FIRPOLE200",
        "Type": 58,
        "Scale": 1.0,
        "Transform": [
            [
                0.0,
                0.0,
                -0.9999999403953552,
                0.0
            ],
            [
                -0.6730056405067444,
                -0.739623486995697,
                0.0,
                0.0
            ],
            [
                -0.739623486995697,
                0.6730056405067444,
                0.0,
                0.0
            ],
            [
                5922.66015625,
                3574.639892578125,
                -4.3689398765563965,
                1.0
            ]
        ]
    },
    {
        "ID": 19,
        "Name": "FIRPOLE200",
        "Type": 58,
        "Scale": 1.0,
        "Transform": [
            [
                0.0,
                0.0,
                -0.9999999403953552,
                0.0
            ],
            [
                -0.6730056405067444,
                -0.739623486995697,
                0.0,
                0.0
            ],
            [
                -0.739623486995697,
                0.6730056405067444,
                0.0,
                0.0
            ],
            [
                5919.64990234375,
                3571.419921875,
                -4.374790191650391,
                1.0
            ]
        ]
    },
    {
        "ID": 20,
        "Name": "FIRPOLE200",
        "Type": 58,
        "Scale": 1.0,
        "Transform": [
            [
                0.0,
                0.0,
                -0.9999999403953552,
                0.0
            ],
            [
                -0.6730056405067444,
                -0.739623486995697,
                0.0,
                0.0
            ],
            [
                -0.739623486995697,
                0.6730056405067444,
                0.0,
                0.0
            ],
            [
                5916.419921875,
                3567.780029296875,
                -4.399899959564209,
                1.0
            ]
        ]
    },
    {
        "ID": 21,
        "Name": "FIRPOLE100",
        "Type": 55,
        "Scale": 1.0,
        "Transform": [
            [
                0.6744577884674072,
                0.7382910251617432,
                0.0,
                0.0
            ],
            [
                -0.7382910251617432,
                0.6744577884674072,
                0.0,
                0.0
            ],
            [
                0.0,
                0.0,
                0.9999999403953552,
                0.0
            ],
            [
                5879.16015625,
                3598.5,
                -53.00090026855469,
                1.0
            ]
        ]
    },
    {
        "ID": 22,
        "Name": "FIRPOLE100",
        "Type": 55,
        "Scale": 1.0,
        "Transform": [
            [
                -0.6701051592826843,
                -0.7422524690628052,
                0.0,
                0.0
            ],
            [
                0.7422524690628052,
                -0.6701051592826843,
                0.0,
                0.0
            ],
            [
                0.0,
                0.0,
                0.9999999403953552,
                0.0
            ],
            [
                5888.47998046875,
                3609.6298828125,
                -52.72779846191406,
                1.0
            ]
        ]
    },
    {
        "ID": 23,
        "Name": "FIRPOLE200",
        "Type": 58,
        "Scale": 1.0,
        "Transform": [
            [
                0.0,
                0.0,
                0.9999999403953552,
                0.0
            ],
            [
                -0.7326542139053345,
                0.6806009411811829,
                0.0,
                0.0
            ],
            [
                -0.6806009411811829,
                -0.7326542139053345,
                0.0,
                0.0
            ],
            [
                5910.330078125,
                3565.929931640625,
                -2.640360116958618,
                1.0
            ]
        ]
    },
    {
        "ID": 24,
        "Name": "FIRPOLE100",
        "Type": 55,
        "Scale": 1.0,
        "Transform": [
            [
                0.675182044506073,
                0.7376264333724976,
                0.0,
                0.0
            ],
            [
                -0.7376264333724976,
                0.675182044506073,
                0.0,
                0.0
            ],
            [
                0.0,
                0.0,
                0.9999999403953552,
                0.0
            ],
            [
                5872.6201171875,
                3525.06005859375,
                -45.93450164794922,
                1.0
            ]
        ]
    },
    {
        "ID": 25,
        "Name": "FIRPOLE100",
        "Type": 55,
        "Scale": 1.0,
        "Transform": [
            [
                0.6870418190956116,
                0.7265968322753906,
                0.0,
                0.0
            ],
            [
                -0.7265968322753906,
                0.6870418190956116,
                0.0,
                0.0
            ],
            [
                0.0,
                0.0,
                0.9999999403953552,
                0.0
            ],
            [
                5892.39013671875,
                3546.159912109375,
                -46.4453010559082,
                1.0
            ]
        ]
    },
    {
        "ID": 26,
        "Name": "BOAT",
        "Type": 55,
        "Scale": 1.0,
        "Transform": [
            [
                0.6625895500183105,
                -0.748980700969696,
                0.0,
                0.0
            ],
            [
                0.748980700969696,
                0.6625895500183105,
                0.0,
                0.0
            ],
            [
                0.0,
                0.0,
                0.9999999403953552,
                0.0
            ],
            [
                5913.47998046875,
                3542.510009765625,
                -4.924980163574219,
                1.0
            ]
        ]
    },
    {
        "ID": 27,
        "Name": "BOAT",
        "Type": 55,
        "Scale": 1.0,
        "Transform": [
            [
                -0.7225351929664612,
                0.6913164854049683,
                0.0,
                0.0
            ],
            [
                -0.6913164854049683,
                -0.7225351929664612,
                0.0,
                0.0
            ],
            [
                0.0,
                0.0,
                0.9999999403953552,
                0.0
            ],
            [
                5901.60986328125,
                3534.080078125,
                -4.846370220184326,
                1.0
            ]
        ]
    },
    {
        "ID": 28,
        "Name": "BOAT",
        "Type": 55,
        "Scale": 1.0,
        "Transform": [
            [
                -0.7857592105865479,
                0.6185049414634705,
                0.0,
                0.0
            ],
            [
                -0.6185049414634705,
                -0.7857592105865479,
                0.0,
                0.0
            ],
            [
                0.0,
                0.0,
                0.9999999403953552,
                0.0
            ],
            [
                5890.919921875,
                3523.0,
                -4.877739906311035,
                1.0
            ]
        ]
    },
    {
        "ID": 29,
        "Name": "FAYBRAZIER",
        "Type": 130,
        "Scale": 1.0,
        "Transform": [
            [
                -0.36514928936958313,
                0.9309287667274475,
                0.0,
                0.0
            ],
            [
                -0.9309287667274475,
                -0.36514928936958313,
                0.0,
                0.0
            ],
            [
                0.0,
                0.0,
                0.9999999403953552,
                0.0
            ],
            [
                6017.5,
                3468.909912109375,
                -2.813999891281128,
                1.0
            ]
        ]
    },
    {
        "ID": 30,
        "Name": "FAYBRAZIER",
        "Type": 145,
        "Scale": 1.0,
        "Transform": [
            [
                -0.6419436931610107,
                -0.7667359113693237,
                0.0,
                0.0
            ],
            [
                0.7667359113693237,
                -0.6419436931610107,
                0.0,
                0.0
            ],
            [
                0.0,
                0.0,
                0.9999999403953552,
                0.0
            ],
            [
                6029.66015625,
                3480.8701171875,
                -2.725860118865967,
                1.0
            ]
        ]
    },
    {
        "ID": 32,
        "Name": "FIRPOLE200",
        "Type": 58,
        "Scale": 1.0,
        "Transform": [
            [
                0.0,
                0.0,
                0.9999999403953552,
                0.0
            ],
            [
                0.6724631190299988,
                0.7401213049888611,
                0.0,
                0.0
            ],
            [
                -0.7401213049888611,
                0.6724631190299988,
                0.0,
                0.0
            ],
            [
                5885.22998046875,
                3596.800048828125,
                -2.465059995651245,
                1.0
            ]
        ]
    },
    {
        "ID": 33,
        "Name": "FIRPOLE200",
        "Type": 58,
        "Scale": 1.0,
        "Transform": [
            [
                0.0,
                0.0,
                0.9999999403953552,
                0.0
            ],
            [
                0.6739099025726318,
                0.7387937903404236,
                0.0,
                0.0
            ],
            [
                -0.7387937903404236,
                0.6739099025726318,
                0.0,
                0.0
            ],
            [
                5888.22021484375,
                3599.860107421875,
                -2.420109987258911,
                1.0
            ]
        ]
    },
    {
        "ID": 34,
        "Name": "FIRPOLE200",
        "Type": 58,
        "Scale": 1.0,
        "Transform": [
            [
                0.0,
                0.0,
                0.9999999403953552,
                0.0
            ],
            [
                0.6784309148788452,
                0.7346453666687012,
                0.0,
                0.0
            ],
            [
                -0.7346453666687012,
                0.6784309148788452,
                0.0,
                0.0
            ],
            [
                5891.25,
                3603.0,
                -2.473289966583252,
                1.0
            ]
        ]
    },
    {
        "ID": 35,
        "Name": "FIRPOLE100",
        "Type": 55,
        "Scale": 1.0,
        "Transform": [
            [
                0.689717173576355,
                0.7240766882896423,
                0.0,
                0.0
            ],
            [
                -0.7240766882896423,
                0.689717173576355,
                0.0,
                0.0
            ],
            [
                0.0,
                0.0,
                0.9999999403953552,
                0.0
            ],
            [
                5847.0498046875,
                3628.3701171875,
                -53.69060134887695,
                1.0
            ]
        ]
    },
    {
        "ID": 36,
        "Name": "FIRPOLE100",
        "Type": 55,
        "Scale": 1.0,
        "Transform": [
            [
                -0.6749948859214783,
                -0.7377982139587402,
                0.0,
                0.0
            ],
            [
                0.7377982139587402,
                -0.6749948859214783,
                0.0,
                0.0
            ],
            [
                0.0,
                0.0,
                0.9999999403953552,
                0.0
            ],
            [
                5857.5,
                3638.419921875,
                -53.42290115356445,
                1.0
            ]
        ]
    },
    {
        "ID": 37,
        "Name": "KURBRAZIER100",
        "Type": 58,
        "Scale": 1.0,
        "Transform": [
            [
                0.9999999403953552,
                0.0,
                0.0,
                0.0
            ],
            [
                0.0,
                0.9999999403953552,
                0.0,
                0.0
            ],
            [
                0.0,
                0.0,
                0.9999999403953552,
                0.0
            ],
            [
                -12321.7998046875,
                4424.75,
                -282.93499755859375,
                1.0
            ]
        ]
    },
    {
        "ID": 38,
        "Name": "FREPORTBRAZIER",
        "Type": 58,
        "Scale": 1.0,
        "Transform": [
            [
                -0.5349975824356079,
                -0.8448535203933716,
                0.0,
                0.0
            ],
            [
                0.8448535203933716,
                -0.5349975824356079,
                0.0,
                0.0
            ],
            [
                0.0,
                0.0,
                0.9999999403953552,
                0.0
            ],
            [
                -12317.2001953125,
                4368.75,
                -282.93499755859375,
                1.0
            ]
        ]
    }
]